0 0 0
1 0 0
2 0 0
3 0 0
4 0 0
5 0 0
6 0 0
7 0 0
8 0 0
9 0 0
10 0 0
11 0 0
12 0 0
13 0 0
14 0 0
15 0 0
16 0 0
17 0 0
18 0 0
19 0 0
20 0 0
21 0 0
22 0 0
23 0 0
24 0 0
25 0 0
26 0 0
27 0 0
28 0 0
29 0 0
30 0 0
31 0 0
32 0 0
33 0 0
34 0 0
35 0 54
36 0 54
37 0 54
38 0 54
39 0 54
40 0 54
41 0 54
42 0 54
43 0 54
44 0 54
45 0 54
46 0 54
47 0 82
48 0 82
49 0 82
50 0 82
51 0 82
52 0 82
53 0 82
54 0 82
55 0 82
56 0 82
57 0 82
58 0 82
59 0 82
60 0 82
61 0 82
62 0 82
63 0 82
64 0 82
65 0 82
66 0 82
67 0 82
68 0 82
69 0 82
70 0 82
71 0 82
72 0 82
73 0 82
74 0 82
75 0 82
76 0 82
77 0 82
78 0 82
79 0 82
80 0 82
81 0 82
82 0 82
83 0 82
84 0 82
85 0 82
86 0 82
87 0 82
88 0 48
89 0 48
90 0 48
91 0 48
92 0 0
0 1 0
1 1 0
2 1 0
3 1 0
4 1 0
5 1 0
6 1 0
7 1 0
8 1 0
9 1 0
10 1 0
11 1 0
12 1 0
13 1 0
14 1 0
15 1 0
16 1 0
17 1 0
18 1 0
19 1 0
20 1 0
21 1 0
22 1 0
23 1 0
24 1 0
25 1 0
26 1 0
27 1 0
28 1 0
29 1 0
30 1 0
31 1 0
32 1 0
33 1 0
34 1 0
35 1 54
36 1 54
37 1 54
38 1 54
39 1 54
40 1 54
41 1 54
42 1 54
43 1 54
44 1 54
45 1 54
46 1 54
47 1 82
48 1 82
49 1 82
50 1 82
51 1 82
52 1 82
53 1 82
54 1 82
55 1 82
56 1 82
57 1 82
58 1 82
59 1 82
60 1 82
61 1 82
62 1 82
63 1 82
64 1 82
65 1 82
66 1 82
67 1 82
68 1 82
69 1 82
70 1 82
71 1 82
72 1 82
73 1 82
74 1 82
75 1 82
76 1 82
77 1 82
78 1 82
79 1 82
80 1 82
81 1 82
82 1 82
83 1 82
84 1 82
85 1 82
86 1 82
87 1 82
88 1 48
89 1 48
90 1 48
91 1 48
92 1 0
0 2 0
1 2 0
2 2 0
3 2 0
4 2 0
5 2 0
6 2 0
7 2 0
8 2 0
9 2 0
10 2 0
11 2 0
12 2 0
13 2 0
14 2 0
15 2 0
16 2 0
17 2 0
18 2 0
19 2 0
20 2 0
21 2 0
22 2 0
23 2 0
24 2 0
25 2 0
26 2 0
27 2 0
28 2 0
29 2 0
30 2 0
31 2 0
32 2 0
33 2 0
34 2 0
35 2 54
36 2 54
37 2 54
38 2 54
39 2 54
40 2 54
41 2 54
42 2 54
43 2 54
44 2 54
45 2 54
46 2 54
47 2 82
48 2 82
49 2 82
50 2 82
51 2 82
52 2 82
53 2 82
54 2 82
55 2 82
56 2 82
57 2 82
58 2 82
59 2 82
60 2 82
61 2 82
62 2 82
63 2 82
64 2 82
65 2 82
66 2 82
67 2 82
68 2 82
69 2 82
70 2 82
71 2 82
72 2 82
73 2 82
74 2 82
75 2 82
76 2 82
77 2 82
78 2 82
79 2 82
80 2 82
81 2 82
82 2 82
83 2 82
84 2 82
85 2 82
86 2 82
87 2 82
88 2 48
89 2 48
90 2 48
91 2 48
92 2 0
0 3 52
1 3 52
2 3 52
3 3 52
4 3 52
5 3 56
6 3 56
7 3 56
8 3 56
9 3 56
10 3 56
11 3 56
12 3 56
13 3 56
14 3 56
15 3 56
16 3 56
17 3 56
18 3 56
19 3 56
20 3 56
21 3 56
22 3 56
23 3 56
24 3 56
25 3 56
26 3 56
27 3 56
28 3 56
29 3 56
30 3 56
31 3 56
32 3 56
33 3 56
34 3 56
35 3 82
36 3 82
37 3 82
38 3 82
39 3 82
40 3 82
41 3 82
42 3 82
43 3 82
44 3 82
45 3 82
46 3 82
47 3 82
48 3 82
49 3 82
50 3 82
51 3 82
52 3 82
53 3 82
54 3 82
55 3 82
56 3 82
57 3 82
58 3 82
59 3 82
60 3 82
61 3 82
62 3 82
63 3 82
64 3 82
65 3 82
66 3 82
67 3 67
68 3 67
69 3 67
70 3 67
71 3 67
72 3 67
73 3 67
74 3 67
75 3 67
76 3 67
77 3 67
78 3 67
79 3 67
80 3 67
81 3 67
82 3 67
83 3 82
84 3 82
85 3 82
86 3 82
87 3 82
88 3 48
89 3 48
90 3 48
91 3 48
92 3 0
0 4 52
1 4 52
2 4 52
3 4 52
4 4 52
5 4 56
6 4 56
7 4 56
8 4 56
9 4 56
10 4 56
11 4 56
12 4 56
13 4 56
14 4 56
15 4 56
16 4 56
17 4 56
18 4 56
19 4 56
20 4 56
21 4 56
22 4 56
23 4 56
24 4 56
25 4 56
26 4 56
27 4 56
28 4 56
29 4 56
30 4 56
31 4 56
32 4 56
33 4 56
34 4 56
35 4 82
36 4 82
37 4 82
38 4 82
39 4 82
40 4 82
41 4 82
42 4 82
43 4 82
44 4 82
45 4 82
46 4 82
47 4 82
48 4 82
49 4 82
50 4 82
51 4 82
52 4 82
53 4 82
54 4 82
55 4 82
56 4 82
57 4 82
58 4 82
59 4 82
60 4 82
61 4 82
62 4 82
63 4 82
64 4 82
65 4 82
66 4 82
67 4 67
68 4 67
69 4 67
70 4 67
71 4 67
72 4 67
73 4 67
74 4 67
75 4 67
76 4 67
77 4 67
78 4 67
79 4 67
80 4 67
81 4 67
82 4 67
83 4 82
84 4 82
85 4 82
86 4 82
87 4 82
88 4 48
89 4 48
90 4 48
91 4 48
92 4 0
0 5 52
1 5 52
2 5 52
3 5 52
4 5 52
5 5 56
6 5 56
7 5 56
8 5 56
9 5 56
10 5 56
11 5 56
12 5 56
13 5 56
14 5 56
15 5 56
16 5 56
17 5 56
18 5 56
19 5 56
20 5 56
21 5 56
22 5 56
23 5 56
24 5 56
25 5 56
26 5 56
27 5 56
28 5 56
29 5 56
30 5 56
31 5 56
32 5 56
33 5 56
34 5 56
35 5 82
36 5 82
37 5 82
38 5 82
39 5 82
40 5 82
41 5 82
42 5 82
43 5 82
44 5 82
45 5 82
46 5 82
47 5 82
48 5 82
49 5 82
50 5 82
51 5 82
52 5 82
53 5 82
54 5 82
55 5 82
56 5 82
57 5 82
58 5 82
59 5 82
60 5 82
61 5 82
62 5 82
63 5 82
64 5 82
65 5 82
66 5 82
67 5 67
68 5 67
69 5 67
70 5 67
71 5 67
72 5 67
73 5 67
74 5 67
75 5 67
76 5 67
77 5 67
78 5 67
79 5 67
80 5 67
81 5 67
82 5 67
83 5 82
84 5 82
85 5 82
86 5 82
87 5 82
88 5 48
89 5 48
90 5 48
91 5 48
92 5 0
0 6 52
1 6 52
2 6 52
3 6 52
4 6 52
5 6 56
6 6 56
7 6 56
8 6 56
9 6 56
10 6 56
11 6 56
12 6 56
13 6 56
14 6 56
15 6 56
16 6 56
17 6 56
18 6 56
19 6 56
20 6 56
21 6 56
22 6 56
23 6 56
24 6 56
25 6 56
26 6 56
27 6 56
28 6 56
29 6 56
30 6 56
31 6 56
32 6 56
33 6 56
34 6 56
35 6 82
36 6 82
37 6 82
38 6 82
39 6 82
40 6 82
41 6 82
42 6 82
43 6 82
44 6 82
45 6 82
46 6 82
47 6 82
48 6 82
49 6 82
50 6 82
51 6 82
52 6 82
53 6 82
54 6 82
55 6 82
56 6 82
57 6 82
58 6 82
59 6 82
60 6 82
61 6 82
62 6 82
63 6 82
64 6 82
65 6 82
66 6 82
67 6 67
68 6 67
69 6 67
70 6 67
71 6 67
72 6 67
73 6 67
74 6 67
75 6 67
76 6 67
77 6 67
78 6 67
79 6 67
80 6 67
81 6 67
82 6 67
83 6 82
84 6 82
85 6 82
86 6 82
87 6 82
88 6 48
89 6 48
90 6 48
91 6 48
92 6 0
0 7 52
1 7 52
2 7 52
3 7 52
4 7 52
5 7 56
6 7 56
7 7 56
8 7 56
9 7 56
10 7 56
11 7 56
12 7 56
13 7 56
14 7 56
15 7 56
16 7 56
17 7 56
18 7 56
19 7 56
20 7 56
21 7 56
22 7 56
23 7 56
24 7 56
25 7 56
26 7 56
27 7 56
28 7 56
29 7 56
30 7 56
31 7 56
32 7 56
33 7 56
34 7 56
35 7 82
36 7 82
37 7 82
38 7 82
39 7 82
40 7 82
41 7 82
42 7 82
43 7 82
44 7 82
45 7 82
46 7 82
47 7 82
48 7 82
49 7 82
50 7 82
51 7 82
52 7 82
53 7 82
54 7 82
55 7 82
56 7 82
57 7 82
58 7 82
59 7 82
60 7 82
61 7 82
62 7 82
63 7 82
64 7 82
65 7 82
66 7 82
67 7 67
68 7 67
69 7 67
70 7 67
71 7 67
72 7 67
73 7 67
74 7 67
75 7 67
76 7 67
77 7 67
78 7 67
79 7 67
80 7 67
81 7 67
82 7 67
83 7 82
84 7 82
85 7 82
86 7 82
87 7 82
88 7 48
89 7 48
90 7 48
91 7 48
92 7 0
0 8 52
1 8 52
2 8 52
3 8 52
4 8 52
5 8 56
6 8 56
7 8 56
8 8 56
9 8 56
10 8 56
11 8 56
12 8 56
13 8 56
14 8 56
15 8 56
16 8 56
17 8 56
18 8 56
19 8 56
20 8 56
21 8 56
22 8 56
23 8 56
24 8 56
25 8 56
26 8 56
27 8 56
28 8 56
29 8 56
30 8 56
31 8 56
32 8 56
33 8 56
34 8 56
35 8 82
36 8 82
37 8 82
38 8 82
39 8 82
40 8 82
41 8 82
42 8 82
43 8 82
44 8 82
45 8 82
46 8 82
47 8 82
48 8 82
49 8 82
50 8 82
51 8 82
52 8 82
53 8 82
54 8 82
55 8 82
56 8 82
57 8 82
58 8 82
59 8 82
60 8 82
61 8 82
62 8 82
63 8 82
64 8 82
65 8 82
66 8 82
67 8 67
68 8 67
69 8 67
70 8 67
71 8 67
72 8 67
73 8 67
74 8 67
75 8 67
76 8 67
77 8 67
78 8 67
79 8 67
80 8 67
81 8 67
82 8 67
83 8 82
84 8 82
85 8 82
86 8 82
87 8 82
88 8 48
89 8 48
90 8 48
91 8 48
92 8 0
0 9 52
1 9 52
2 9 52
3 9 52
4 9 52
5 9 56
6 9 56
7 9 56
8 9 56
9 9 56
10 9 56
11 9 56
12 9 56
13 9 56
14 9 56
15 9 56
16 9 56
17 9 56
18 9 56
19 9 56
20 9 56
21 9 56
22 9 56
23 9 56
24 9 56
25 9 56
26 9 56
27 9 56
28 9 56
29 9 56
30 9 56
31 9 56
32 9 56
33 9 56
34 9 56
35 9 82
36 9 82
37 9 82
38 9 82
39 9 82
40 9 82
41 9 82
42 9 82
43 9 82
44 9 82
45 9 82
46 9 82
47 9 82
48 9 82
49 9 82
50 9 82
51 9 82
52 9 82
53 9 82
54 9 82
55 9 82
56 9 82
57 9 82
58 9 82
59 9 82
60 9 82
61 9 82
62 9 82
63 9 82
64 9 82
65 9 82
66 9 82
67 9 67
68 9 67
69 9 67
70 9 67
71 9 67
72 9 67
73 9 67
74 9 67
75 9 67
76 9 67
77 9 67
78 9 67
79 9 67
80 9 67
81 9 67
82 9 67
83 9 82
84 9 82
85 9 82
86 9 82
87 9 82
88 9 48
89 9 48
90 9 48
91 9 48
92 9 0
0 10 52
1 10 52
2 10 52
3 10 52
4 10 52
5 10 56
6 10 56
7 10 56
8 10 56
9 10 56
10 10 56
11 10 56
12 10 56
13 10 56
14 10 56
15 10 56
16 10 56
17 10 56
18 10 56
19 10 56
20 10 56
21 10 56
22 10 56
23 10 56
24 10 56
25 10 56
26 10 56
27 10 56
28 10 56
29 10 56
30 10 56
31 10 56
32 10 56
33 10 56
34 10 56
35 10 82
36 10 82
37 10 82
38 10 82
39 10 82
40 10 82
41 10 82
42 10 82
43 10 82
44 10 82
45 10 82
46 10 82
47 10 82
48 10 82
49 10 82
50 10 82
51 10 82
52 10 82
53 10 82
54 10 82
55 10 82
56 10 82
57 10 82
58 10 82
59 10 82
60 10 82
61 10 82
62 10 82
63 10 82
64 10 82
65 10 82
66 10 82
67 10 67
68 10 67
69 10 67
70 10 67
71 10 67
72 10 67
73 10 67
74 10 67
75 10 67
76 10 67
77 10 67
78 10 67
79 10 67
80 10 67
81 10 67
82 10 67
83 10 82
84 10 82
85 10 82
86 10 82
87 10 82
88 10 48
89 10 48
90 10 48
91 10 48
92 10 0
0 11 52
1 11 52
2 11 52
3 11 52
4 11 52
5 11 56
6 11 56
7 11 56
8 11 56
9 11 56
10 11 56
11 11 56
12 11 56
13 11 56
14 11 56
15 11 56
16 11 56
17 11 56
18 11 56
19 11 56
20 11 56
21 11 56
22 11 56
23 11 56
24 11 56
25 11 56
26 11 56
27 11 56
28 11 56
29 11 56
30 11 56
31 11 56
32 11 56
33 11 56
34 11 56
35 11 82
36 11 82
37 11 82
38 11 82
39 11 82
40 11 82
41 11 82
42 11 82
43 11 82
44 11 82
45 11 82
46 11 82
47 11 82
48 11 82
49 11 82
50 11 82
51 11 82
52 11 82
53 11 82
54 11 82
55 11 82
56 11 82
57 11 82
58 11 82
59 11 82
60 11 82
61 11 82
62 11 82
63 11 82
64 11 82
65 11 82
66 11 82
67 11 67
68 11 67
69 11 67
70 11 67
71 11 67
72 11 67
73 11 67
74 11 67
75 11 67
76 11 67
77 11 67
78 11 67
79 11 67
80 11 67
81 11 67
82 11 67
83 11 82
84 11 82
85 11 82
86 11 82
87 11 82
88 11 48
89 11 48
90 11 48
91 11 48
92 11 0
0 12 52
1 12 52
2 12 52
3 12 52
4 12 52
5 12 56
6 12 56
7 12 56
8 12 56
9 12 56
10 12 56
11 12 56
12 12 58
13 12 58
14 12 58
15 12 58
16 12 58
17 12 58
18 12 58
19 12 58
20 12 58
21 12 58
22 12 58
23 12 58
24 12 58
25 12 58
26 12 58
27 12 58
28 12 58
29 12 58
30 12 58
31 12 58
32 12 58
33 12 58
34 12 58
35 12 82
36 12 82
37 12 82
38 12 82
39 12 82
40 12 82
41 12 82
42 12 82
43 12 82
44 12 82
45 12 82
46 12 82
47 12 82
48 12 82
49 12 82
50 12 82
51 12 82
52 12 82
53 12 82
54 12 82
55 12 82
56 12 82
57 12 82
58 12 82
59 12 82
60 12 82
61 12 82
62 12 82
63 12 82
64 12 82
65 12 82
66 12 82
67 12 67
68 12 67
69 12 67
70 12 67
71 12 67
72 12 67
73 12 67
74 12 67
75 12 67
76 12 67
77 12 67
78 12 67
79 12 67
80 12 67
81 12 67
82 12 67
83 12 82
84 12 82
85 12 82
86 12 82
87 12 82
88 12 48
89 12 48
90 12 48
91 12 48
92 12 0
0 13 52
1 13 52
2 13 52
3 13 52
4 13 52
5 13 56
6 13 56
7 13 56
8 13 56
9 13 56
10 13 56
11 13 56
12 13 58
13 13 58
14 13 58
15 13 58
16 13 58
17 13 58
18 13 58
19 13 58
20 13 58
21 13 58
22 13 58
23 13 58
24 13 58
25 13 58
26 13 58
27 13 58
28 13 58
29 13 58
30 13 58
31 13 58
32 13 58
33 13 58
34 13 58
35 13 82
36 13 82
37 13 82
38 13 82
39 13 82
40 13 82
41 13 82
42 13 82
43 13 82
44 13 82
45 13 82
46 13 82
47 13 82
48 13 82
49 13 82
50 13 82
51 13 82
52 13 82
53 13 82
54 13 82
55 13 82
56 13 82
57 13 82
58 13 82
59 13 82
60 13 82
61 13 82
62 13 82
63 13 82
64 13 82
65 13 82
66 13 82
67 13 67
68 13 67
69 13 67
70 13 67
71 13 67
72 13 67
73 13 67
74 13 67
75 13 67
76 13 67
77 13 67
78 13 67
79 13 67
80 13 67
81 13 67
82 13 67
83 13 82
84 13 82
85 13 82
86 13 82
87 13 82
88 13 48
89 13 48
90 13 48
91 13 48
92 13 0
0 14 52
1 14 52
2 14 52
3 14 52
4 14 52
5 14 56
6 14 56
7 14 56
8 14 56
9 14 56
10 14 56
11 14 56
12 14 58
13 14 58
14 14 58
15 14 58
16 14 58
17 14 58
18 14 58
19 14 58
20 14 58
21 14 58
22 14 58
23 14 58
24 14 58
25 14 58
26 14 58
27 14 58
28 14 58
29 14 58
30 14 58
31 14 58
32 14 58
33 14 58
34 14 58
35 14 82
36 14 82
37 14 82
38 14 82
39 14 82
40 14 82
41 14 82
42 14 82
43 14 82
44 14 82
45 14 82
46 14 82
47 14 82
48 14 82
49 14 82
50 14 82
51 14 82
52 14 82
53 14 82
54 14 82
55 14 82
56 14 82
57 14 82
58 14 82
59 14 82
60 14 82
61 14 82
62 14 82
63 14 82
64 14 82
65 14 82
66 14 82
67 14 82
68 14 82
69 14 82
70 14 82
71 14 82
72 14 82
73 14 82
74 14 82
75 14 82
76 14 82
77 14 82
78 14 82
79 14 82
80 14 82
81 14 82
82 14 82
83 14 82
84 14 82
85 14 82
86 14 82
87 14 82
88 14 48
89 14 48
90 14 48
91 14 48
92 14 0
0 15 52
1 15 52
2 15 52
3 15 52
4 15 52
5 15 56
6 15 56
7 15 56
8 15 56
9 15 56
10 15 56
11 15 56
12 15 58
13 15 58
14 15 58
15 15 58
16 15 58
17 15 58
18 15 58
19 15 58
20 15 58
21 15 58
22 15 58
23 15 58
24 15 58
25 15 58
26 15 58
27 15 58
28 15 58
29 15 58
30 15 58
31 15 58
32 15 58
33 15 58
34 15 58
35 15 82
36 15 82
37 15 82
38 15 82
39 15 82
40 15 82
41 15 82
42 15 82
43 15 82
44 15 82
45 15 82
46 15 82
47 15 82
48 15 82
49 15 82
50 15 82
51 15 82
52 15 82
53 15 82
54 15 82
55 15 82
56 15 82
57 15 82
58 15 82
59 15 82
60 15 82
61 15 82
62 15 82
63 15 82
64 15 82
65 15 82
66 15 82
67 15 82
68 15 82
69 15 82
70 15 82
71 15 82
72 15 82
73 15 82
74 15 82
75 15 82
76 15 82
77 15 82
78 15 82
79 15 82
80 15 82
81 15 82
82 15 82
83 15 82
84 15 82
85 15 82
86 15 82
87 15 82
88 15 48
89 15 48
90 15 48
91 15 48
92 15 0
0 16 52
1 16 52
2 16 52
3 16 52
4 16 52
5 16 56
6 16 56
7 16 56
8 16 56
9 16 56
10 16 56
11 16 56
12 16 58
13 16 58
14 16 58
15 16 58
16 16 58
17 16 58
18 16 58
19 16 58
20 16 58
21 16 58
22 16 58
23 16 58
24 16 58
25 16 58
26 16 58
27 16 58
28 16 58
29 16 58
30 16 58
31 16 58
32 16 58
33 16 58
34 16 58
35 16 82
36 16 82
37 16 82
38 16 82
39 16 82
40 16 82
41 16 82
42 16 82
43 16 82
44 16 82
45 16 82
46 16 82
47 16 82
48 16 82
49 16 82
50 16 82
51 16 82
52 16 82
53 16 82
54 16 82
55 16 82
56 16 82
57 16 82
58 16 82
59 16 82
60 16 82
61 16 82
62 16 82
63 16 82
64 16 82
65 16 82
66 16 82
67 16 82
68 16 82
69 16 82
70 16 82
71 16 82
72 16 82
73 16 82
74 16 82
75 16 82
76 16 82
77 16 82
78 16 82
79 16 82
80 16 82
81 16 82
82 16 82
83 16 82
84 16 82
85 16 82
86 16 82
87 16 82
88 16 48
89 16 48
90 16 48
91 16 48
92 16 0
0 17 52
1 17 52
2 17 52
3 17 52
4 17 52
5 17 56
6 17 56
7 17 56
8 17 56
9 17 56
10 17 56
11 17 56
12 17 58
13 17 58
14 17 58
15 17 58
16 17 58
17 17 58
18 17 58
19 17 58
20 17 58
21 17 58
22 17 58
23 17 58
24 17 58
25 17 58
26 17 58
27 17 58
28 17 58
29 17 58
30 17 58
31 17 58
32 17 58
33 17 58
34 17 77
35 17 82
36 17 82
37 17 82
38 17 82
39 17 82
40 17 82
41 17 82
42 17 82
43 17 82
44 17 82
45 17 82
46 17 82
47 17 82
48 17 82
49 17 82
50 17 82
51 17 82
52 17 82
53 17 82
54 17 82
55 17 82
56 17 82
57 17 82
58 17 82
59 17 82
60 17 82
61 17 82
62 17 82
63 17 82
64 17 82
65 17 82
66 17 82
67 17 82
68 17 82
69 17 82
70 17 82
71 17 82
72 17 82
73 17 82
74 17 82
75 17 82
76 17 82
77 17 82
78 17 82
79 17 82
80 17 82
81 17 82
82 17 82
83 17 82
84 17 82
85 17 82
86 17 82
87 17 82
88 17 48
89 17 48
90 17 48
91 17 48
92 17 0
0 18 52
1 18 52
2 18 52
3 18 52
4 18 52
5 18 56
6 18 56
7 18 56
8 18 56
9 18 56
10 18 56
11 18 56
12 18 58
13 18 58
14 18 58
15 18 58
16 18 58
17 18 58
18 18 58
19 18 58
20 18 58
21 18 58
22 18 58
23 18 58
24 18 58
25 18 58
26 18 58
27 18 58
28 18 58
29 18 58
30 18 58
31 18 58
32 18 58
33 18 58
34 18 77
35 18 82
36 18 82
37 18 82
38 18 82
39 18 82
40 18 82
41 18 82
42 18 82
43 18 82
44 18 82
45 18 82
46 18 82
47 18 82
48 18 82
49 18 82
50 18 82
51 18 82
52 18 82
53 18 82
54 18 82
55 18 82
56 18 82
57 18 82
58 18 82
59 18 82
60 18 82
61 18 82
62 18 82
63 18 82
64 18 82
65 18 82
66 18 82
67 18 82
68 18 82
69 18 82
70 18 82
71 18 82
72 18 82
73 18 82
74 18 82
75 18 82
76 18 82
77 18 82
78 18 82
79 18 82
80 18 82
81 18 82
82 18 82
83 18 82
84 18 82
85 18 82
86 18 82
87 18 82
88 18 48
89 18 48
90 18 48
91 18 48
92 18 0
0 19 52
1 19 52
2 19 52
3 19 52
4 19 52
5 19 56
6 19 56
7 19 56
8 19 56
9 19 56
10 19 56
11 19 56
12 19 58
13 19 58
14 19 58
15 19 58
16 19 58
17 19 58
18 19 58
19 19 58
20 19 58
21 19 58
22 19 58
23 19 58
24 19 58
25 19 58
26 19 58
27 19 58
28 19 58
29 19 58
30 19 58
31 19 58
32 19 58
33 19 58
34 19 77
35 19 82
36 19 82
37 19 82
38 19 82
39 19 82
40 19 82
41 19 82
42 19 82
43 19 82
44 19 82
45 19 82
46 19 82
47 19 82
48 19 82
49 19 82
50 19 82
51 19 82
52 19 82
53 19 82
54 19 82
55 19 82
56 19 82
57 19 82
58 19 82
59 19 82
60 19 82
61 19 82
62 19 82
63 19 82
64 19 82
65 19 82
66 19 82
67 19 82
68 19 82
69 19 82
70 19 82
71 19 82
72 19 82
73 19 82
74 19 82
75 19 82
76 19 82
77 19 82
78 19 82
79 19 82
80 19 82
81 19 82
82 19 82
83 19 82
84 19 82
85 19 82
86 19 82
87 19 82
88 19 48
89 19 48
90 19 48
91 19 48
92 19 0
0 20 52
1 20 52
2 20 52
3 20 52
4 20 52
5 20 56
6 20 56
7 20 56
8 20 56
9 20 56
10 20 56
11 20 56
12 20 58
13 20 58
14 20 58
15 20 58
16 20 58
17 20 58
18 20 58
19 20 58
20 20 58
21 20 58
22 20 58
23 20 58
24 20 58
25 20 58
26 20 58
27 20 58
28 20 58
29 20 58
30 20 58
31 20 58
32 20 58
33 20 58
34 20 77
35 20 82
36 20 82
37 20 82
38 20 82
39 20 82
40 20 82
41 20 82
42 20 82
43 20 82
44 20 82
45 20 82
46 20 82
47 20 82
48 20 82
49 20 82
50 20 82
51 20 82
52 20 82
53 20 82
54 20 82
55 20 82
56 20 82
57 20 82
58 20 82
59 20 82
60 20 82
61 20 82
62 20 82
63 20 82
64 20 82
65 20 82
66 20 82
67 20 82
68 20 82
69 20 82
70 20 82
71 20 82
72 20 82
73 20 82
74 20 82
75 20 82
76 20 82
77 20 82
78 20 82
79 20 82
80 20 82
81 20 82
82 20 82
83 20 82
84 20 82
85 20 82
86 20 82
87 20 82
88 20 48
89 20 48
90 20 48
91 20 48
92 20 0
0 21 52
1 21 52
2 21 52
3 21 52
4 21 52
5 21 56
6 21 56
7 21 56
8 21 56
9 21 56
10 21 56
11 21 56
12 21 58
13 21 58
14 21 58
15 21 58
16 21 58
17 21 58
18 21 58
19 21 58
20 21 58
21 21 58
22 21 58
23 21 58
24 21 58
25 21 58
26 21 58
27 21 58
28 21 58
29 21 58
30 21 58
31 21 58
32 21 58
33 21 58
34 21 77
35 21 82
36 21 82
37 21 82
38 21 85
39 21 85
40 21 85
41 21 85
42 21 85
43 21 85
44 21 85
45 21 85
46 21 85
47 21 85
48 21 85
49 21 85
50 21 85
51 21 85
52 21 85
53 21 85
54 21 85
55 21 85
56 21 85
57 21 85
58 21 85
59 21 85
60 21 85
61 21 85
62 21 85
63 21 85
64 21 85
65 21 85
66 21 85
67 21 85
68 21 85
69 21 85
70 21 85
71 21 85
72 21 85
73 21 85
74 21 85
75 21 85
76 21 85
77 21 85
78 21 85
79 21 85
80 21 85
81 21 85
82 21 85
83 21 85
84 21 85
85 21 85
86 21 85
87 21 82
88 21 48
89 21 48
90 21 48
91 21 48
92 21 0
0 22 52
1 22 52
2 22 52
3 22 52
4 22 52
5 22 56
6 22 56
7 22 56
8 22 56
9 22 56
10 22 56
11 22 56
12 22 58
13 22 58
14 22 58
15 22 58
16 22 58
17 22 58
18 22 58
19 22 58
20 22 58
21 22 58
22 22 58
23 22 58
24 22 58
25 22 58
26 22 58
27 22 58
28 22 58
29 22 58
30 22 58
31 22 58
32 22 58
33 22 58
34 22 77
35 22 82
36 22 82
37 22 82
38 22 85
39 22 85
40 22 85
41 22 85
42 22 85
43 22 85
44 22 85
45 22 85
46 22 85
47 22 85
48 22 85
49 22 85
50 22 85
51 22 85
52 22 85
53 22 85
54 22 85
55 22 85
56 22 85
57 22 85
58 22 85
59 22 85
60 22 85
61 22 85
62 22 85
63 22 85
64 22 85
65 22 85
66 22 85
67 22 85
68 22 85
69 22 85
70 22 85
71 22 85
72 22 85
73 22 85
74 22 85
75 22 85
76 22 85
77 22 85
78 22 85
79 22 85
80 22 85
81 22 85
82 22 85
83 22 85
84 22 85
85 22 85
86 22 85
87 22 82
88 22 48
89 22 48
90 22 48
91 22 48
92 22 0
0 23 52
1 23 52
2 23 52
3 23 52
4 23 52
5 23 56
6 23 56
7 23 56
8 23 56
9 23 56
10 23 56
11 23 56
12 23 58
13 23 58
14 23 58
15 23 58
16 23 58
17 23 58
18 23 58
19 23 58
20 23 58
21 23 58
22 23 58
23 23 58
24 23 58
25 23 58
26 23 58
27 23 58
28 23 58
29 23 58
30 23 58
31 23 58
32 23 58
33 23 58
34 23 77
35 23 82
36 23 82
37 23 82
38 23 85
39 23 85
40 23 85
41 23 85
42 23 85
43 23 85
44 23 85
45 23 85
46 23 85
47 23 85
48 23 85
49 23 85
50 23 85
51 23 85
52 23 85
53 23 85
54 23 85
55 23 85
56 23 85
57 23 85
58 23 85
59 23 85
60 23 85
61 23 85
62 23 85
63 23 85
64 23 85
65 23 85
66 23 85
67 23 85
68 23 85
69 23 85
70 23 85
71 23 85
72 23 85
73 23 85
74 23 85
75 23 85
76 23 85
77 23 85
78 23 85
79 23 85
80 23 85
81 23 85
82 23 85
83 23 85
84 23 85
85 23 85
86 23 85
87 23 82
88 23 48
89 23 48
90 23 48
91 23 48
92 23 0
0 24 52
1 24 52
2 24 52
3 24 52
4 24 52
5 24 56
6 24 56
7 24 56
8 24 56
9 24 56
10 24 56
11 24 56
12 24 58
13 24 58
14 24 58
15 24 58
16 24 58
17 24 58
18 24 58
19 24 58
20 24 58
21 24 58
22 24 58
23 24 58
24 24 58
25 24 58
26 24 58
27 24 58
28 24 58
29 24 58
30 24 58
31 24 58
32 24 58
33 24 58
34 24 77
35 24 82
36 24 82
37 24 82
38 24 85
39 24 85
40 24 85
41 24 85
42 24 85
43 24 85
44 24 85
45 24 85
46 24 85
47 24 85
48 24 85
49 24 85
50 24 85
51 24 85
52 24 85
53 24 85
54 24 85
55 24 85
56 24 85
57 24 85
58 24 85
59 24 85
60 24 85
61 24 85
62 24 85
63 24 85
64 24 85
65 24 85
66 24 85
67 24 85
68 24 85
69 24 85
70 24 85
71 24 85
72 24 85
73 24 85
74 24 85
75 24 85
76 24 85
77 24 85
78 24 85
79 24 85
80 24 85
81 24 85
82 24 85
83 24 85
84 24 85
85 24 85
86 24 85
87 24 82
88 24 48
89 24 48
90 24 48
91 24 48
92 24 0
0 25 52
1 25 52
2 25 52
3 25 52
4 25 52
5 25 56
6 25 56
7 25 56
8 25 56
9 25 56
10 25 56
11 25 56
12 25 58
13 25 58
14 25 58
15 25 58
16 25 58
17 25 58
18 25 58
19 25 58
20 25 58
21 25 58
22 25 58
23 25 58
24 25 58
25 25 58
26 25 58
27 25 58
28 25 58
29 25 58
30 25 58
31 25 58
32 25 58
33 25 58
34 25 77
35 25 82
36 25 82
37 25 82
38 25 85
39 25 85
40 25 85
41 25 85
42 25 85
43 25 85
44 25 85
45 25 85
46 25 85
47 25 85
48 25 85
49 25 85
50 25 85
51 25 85
52 25 85
53 25 85
54 25 85
55 25 85
56 25 85
57 25 85
58 25 85
59 25 85
60 25 85
61 25 85
62 25 85
63 25 85
64 25 85
65 25 85
66 25 85
67 25 85
68 25 85
69 25 85
70 25 85
71 25 85
72 25 85
73 25 85
74 25 85
75 25 85
76 25 85
77 25 85
78 25 85
79 25 85
80 25 85
81 25 85
82 25 85
83 25 85
84 25 85
85 25 85
86 25 85
87 25 82
88 25 48
89 25 48
90 25 48
91 25 48
92 25 0
0 26 52
1 26 52
2 26 52
3 26 52
4 26 52
5 26 56
6 26 56
7 26 56
8 26 56
9 26 56
10 26 56
11 26 56
12 26 58
13 26 58
14 26 58
15 26 58
16 26 58
17 26 58
18 26 58
19 26 58
20 26 58
21 26 58
22 26 58
23 26 58
24 26 58
25 26 58
26 26 58
27 26 58
28 26 58
29 26 58
30 26 58
31 26 58
32 26 58
33 26 58
34 26 77
35 26 82
36 26 82
37 26 82
38 26 85
39 26 85
40 26 85
41 26 85
42 26 85
43 26 85
44 26 85
45 26 85
46 26 85
47 26 85
48 26 85
49 26 85
50 26 85
51 26 85
52 26 85
53 26 85
54 26 85
55 26 85
56 26 85
57 26 85
58 26 85
59 26 85
60 26 85
61 26 85
62 26 85
63 26 85
64 26 85
65 26 85
66 26 85
67 26 85
68 26 85
69 26 85
70 26 85
71 26 85
72 26 85
73 26 85
74 26 85
75 26 85
76 26 85
77 26 85
78 26 85
79 26 85
80 26 85
81 26 85
82 26 85
83 26 85
84 26 85
85 26 85
86 26 85
87 26 85
88 26 48
89 26 48
90 26 48
91 26 48
92 26 0
0 27 52
1 27 52
2 27 52
3 27 52
4 27 52
5 27 56
6 27 56
7 27 56
8 27 56
9 27 56
10 27 56
11 27 56
12 27 58
13 27 58
14 27 58
15 27 58
16 27 58
17 27 58
18 27 58
19 27 70
20 27 70
21 27 70
22 27 70
23 27 70
24 27 70
25 27 70
26 27 70
27 27 70
28 27 70
29 27 70
30 27 70
31 27 70
32 27 70
33 27 70
34 27 89
35 27 94
36 27 94
37 27 94
38 27 97
39 27 97
40 27 97
41 27 97
42 27 97
43 27 97
44 27 97
45 27 97
46 27 97
47 27 97
48 27 97
49 27 97
50 27 97
51 27 97
52 27 97
53 27 97
54 27 97
55 27 97
56 27 97
57 27 97
58 27 97
59 27 97
60 27 97
61 27 97
62 27 97
63 27 97
64 27 85
65 27 85
66 27 85
67 27 85
68 27 85
69 27 85
70 27 85
71 27 85
72 27 85
73 27 85
74 27 85
75 27 85
76 27 85
77 27 85
78 27 85
79 27 85
80 27 85
81 27 85
82 27 85
83 27 85
84 27 85
85 27 85
86 27 85
87 27 85
88 27 48
89 27 48
90 27 48
91 27 48
92 27 0
0 28 52
1 28 52
2 28 52
3 28 52
4 28 52
5 28 56
6 28 56
7 28 56
8 28 56
9 28 56
10 28 56
11 28 56
12 28 58
13 28 58
14 28 58
15 28 58
16 28 58
17 28 58
18 28 58
19 28 70
20 28 70
21 28 70
22 28 70
23 28 70
24 28 70
25 28 70
26 28 70
27 28 70
28 28 70
29 28 70
30 28 70
31 28 70
32 28 70
33 28 70
34 28 89
35 28 94
36 28 94
37 28 94
38 28 97
39 28 97
40 28 97
41 28 97
42 28 97
43 28 97
44 28 97
45 28 97
46 28 97
47 28 97
48 28 97
49 28 97
50 28 97
51 28 97
52 28 97
53 28 97
54 28 97
55 28 97
56 28 97
57 28 97
58 28 97
59 28 97
60 28 97
61 28 97
62 28 97
63 28 97
64 28 85
65 28 85
66 28 85
67 28 85
68 28 85
69 28 85
70 28 85
71 28 85
72 28 85
73 28 85
74 28 85
75 28 85
76 28 85
77 28 85
78 28 85
79 28 85
80 28 85
81 28 85
82 28 85
83 28 85
84 28 85
85 28 85
86 28 85
87 28 85
88 28 48
89 28 48
90 28 48
91 28 48
92 28 0
0 29 52
1 29 52
2 29 52
3 29 52
4 29 52
5 29 56
6 29 56
7 29 56
8 29 56
9 29 56
10 29 56
11 29 56
12 29 58
13 29 63
14 29 63
15 29 63
16 29 63
17 29 63
18 29 63
19 29 75
20 29 75
21 29 75
22 29 75
23 29 75
24 29 75
25 29 75
26 29 75
27 29 75
28 29 75
29 29 75
30 29 75
31 29 75
32 29 75
33 29 75
34 29 89
35 29 94
36 29 94
37 29 94
38 29 97
39 29 97
40 29 97
41 29 97
42 29 97
43 29 97
44 29 97
45 29 97
46 29 97
47 29 97
48 29 97
49 29 97
50 29 97
51 29 97
52 29 97
53 29 97
54 29 97
55 29 97
56 29 97
57 29 97
58 29 97
59 29 97
60 29 97
61 29 97
62 29 97
63 29 97
64 29 85
65 29 85
66 29 85
67 29 85
68 29 85
69 29 85
70 29 85
71 29 85
72 29 85
73 29 85
74 29 85
75 29 85
76 29 85
77 29 85
78 29 85
79 29 85
80 29 85
81 29 85
82 29 85
83 29 85
84 29 85
85 29 85
86 29 85
87 29 85
88 29 48
89 29 48
90 29 48
91 29 48
92 29 0
0 30 52
1 30 52
2 30 52
3 30 52
4 30 52
5 30 56
6 30 56
7 30 56
8 30 56
9 30 56
10 30 56
11 30 56
12 30 58
13 30 63
14 30 63
15 30 63
16 30 63
17 30 63
18 30 63
19 30 75
20 30 75
21 30 75
22 30 75
23 30 75
24 30 75
25 30 75
26 30 75
27 30 75
28 30 75
29 30 75
30 30 75
31 30 75
32 30 75
33 30 75
34 30 89
35 30 94
36 30 94
37 30 94
38 30 97
39 30 97
40 30 97
41 30 97
42 30 97
43 30 97
44 30 97
45 30 97
46 30 97
47 30 97
48 30 97
49 30 97
50 30 97
51 30 97
52 30 97
53 30 97
54 30 97
55 30 97
56 30 97
57 30 97
58 30 97
59 30 97
60 30 97
61 30 97
62 30 97
63 30 97
64 30 85
65 30 85
66 30 85
67 30 85
68 30 85
69 30 85
70 30 85
71 30 85
72 30 85
73 30 85
74 30 85
75 30 85
76 30 85
77 30 85
78 30 85
79 30 85
80 30 85
81 30 85
82 30 85
83 30 85
84 30 85
85 30 85
86 30 85
87 30 85
88 30 48
89 30 48
90 30 48
91 30 48
92 30 0
0 31 52
1 31 52
2 31 52
3 31 52
4 31 52
5 31 56
6 31 56
7 31 56
8 31 56
9 31 56
10 31 56
11 31 56
12 31 58
13 31 63
14 31 63
15 31 63
16 31 63
17 31 63
18 31 63
19 31 75
20 31 75
21 31 75
22 31 75
23 31 75
24 31 75
25 31 75
26 31 75
27 31 75
28 31 75
29 31 75
30 31 75
31 31 75
32 31 75
33 31 75
34 31 89
35 31 94
36 31 94
37 31 94
38 31 97
39 31 97
40 31 97
41 31 97
42 31 97
43 31 97
44 31 97
45 31 97
46 31 97
47 31 97
48 31 97
49 31 97
50 31 97
51 31 97
52 31 97
53 31 97
54 31 97
55 31 97
56 31 97
57 31 97
58 31 97
59 31 97
60 31 97
61 31 97
62 31 97
63 31 97
64 31 85
65 31 85
66 31 85
67 31 85
68 31 85
69 31 85
70 31 85
71 31 85
72 31 85
73 31 85
74 31 85
75 31 85
76 31 85
77 31 85
78 31 85
79 31 85
80 31 85
81 31 85
82 31 85
83 31 85
84 31 85
85 31 85
86 31 85
87 31 85
88 31 48
89 31 48
90 31 48
91 31 48
92 31 0
0 32 52
1 32 52
2 32 52
3 32 52
4 32 52
5 32 56
6 32 56
7 32 56
8 32 56
9 32 56
10 32 56
11 32 56
12 32 58
13 32 63
14 32 63
15 32 63
16 32 63
17 32 63
18 32 63
19 32 75
20 32 75
21 32 75
22 32 75
23 32 75
24 32 75
25 32 75
26 32 75
27 32 75
28 32 75
29 32 75
30 32 75
31 32 75
32 32 75
33 32 75
34 32 89
35 32 94
36 32 94
37 32 94
38 32 97
39 32 97
40 32 97
41 32 97
42 32 97
43 32 97
44 32 97
45 32 97
46 32 97
47 32 97
48 32 97
49 32 97
50 32 97
51 32 97
52 32 97
53 32 97
54 32 97
55 32 97
56 32 97
57 32 97
58 32 97
59 32 97
60 32 97
61 32 97
62 32 97
63 32 97
64 32 85
65 32 85
66 32 85
67 32 85
68 32 85
69 32 85
70 32 85
71 32 85
72 32 85
73 32 85
74 32 85
75 32 85
76 32 85
77 32 85
78 32 85
79 32 85
80 32 85
81 32 85
82 32 85
83 32 85
84 32 85
85 32 85
86 32 85
87 32 85
88 32 48
89 32 48
90 32 48
91 32 48
92 32 0
0 33 52
1 33 52
2 33 52
3 33 52
4 33 52
5 33 56
6 33 56
7 33 56
8 33 56
9 33 56
10 33 56
11 33 56
12 33 58
13 33 63
14 33 63
15 33 63
16 33 63
17 33 63
18 33 63
19 33 75
20 33 75
21 33 75
22 33 75
23 33 75
24 33 75
25 33 75
26 33 75
27 33 75
28 33 75
29 33 75
30 33 75
31 33 75
32 33 75
33 33 75
34 33 89
35 33 94
36 33 94
37 33 94
38 33 97
39 33 97
40 33 97
41 33 97
42 33 97
43 33 97
44 33 97
45 33 97
46 33 97
47 33 97
48 33 97
49 33 97
50 33 97
51 33 97
52 33 97
53 33 97
54 33 97
55 33 97
56 33 97
57 33 97
58 33 97
59 33 97
60 33 97
61 33 97
62 33 97
63 33 97
64 33 85
65 33 85
66 33 85
67 33 85
68 33 85
69 33 85
70 33 85
71 33 85
72 33 85
73 33 85
74 33 85
75 33 85
76 33 85
77 33 85
78 33 85
79 33 85
80 33 85
81 33 85
82 33 85
83 33 85
84 33 85
85 33 85
86 33 85
87 33 85
88 33 48
89 33 48
90 33 48
91 33 48
92 33 0
0 34 52
1 34 52
2 34 52
3 34 52
4 34 52
5 34 56
6 34 56
7 34 56
8 34 56
9 34 56
10 34 56
11 34 56
12 34 58
13 34 63
14 34 63
15 34 63
16 34 63
17 34 63
18 34 63
19 34 75
20 34 75
21 34 75
22 34 75
23 34 75
24 34 75
25 34 75
26 34 75
27 34 75
28 34 75
29 34 75
30 34 75
31 34 75
32 34 75
33 34 75
34 34 89
35 34 94
36 34 94
37 34 94
38 34 97
39 34 97
40 34 97
41 34 97
42 34 97
43 34 97
44 34 97
45 34 97
46 34 97
47 34 97
48 34 97
49 34 97
50 34 97
51 34 97
52 34 97
53 34 97
54 34 97
55 34 97
56 34 97
57 34 97
58 34 97
59 34 97
60 34 97
61 34 97
62 34 97
63 34 97
64 34 85
65 34 85
66 34 85
67 34 85
68 34 85
69 34 85
70 34 85
71 34 85
72 34 85
73 34 85
74 34 85
75 34 85
76 34 85
77 34 85
78 34 85
79 34 85
80 34 85
81 34 85
82 34 85
83 34 85
84 34 85
85 34 85
86 34 85
87 34 85
88 34 48
89 34 48
90 34 48
91 34 48
92 34 0
0 35 52
1 35 52
2 35 52
3 35 52
4 35 52
5 35 56
6 35 56
7 35 56
8 35 56
9 35 56
10 35 56
11 35 56
12 35 58
13 35 63
14 35 63
15 35 63
16 35 63
17 35 63
18 35 63
19 35 75
20 35 75
21 35 75
22 35 75
23 35 75
24 35 75
25 35 75
26 35 75
27 35 75
28 35 75
29 35 75
30 35 75
31 35 75
32 35 75
33 35 75
34 35 89
35 35 94
36 35 94
37 35 94
38 35 97
39 35 97
40 35 97
41 35 97
42 35 97
43 35 97
44 35 97
45 35 97
46 35 97
47 35 97
48 35 97
49 35 97
50 35 97
51 35 97
52 35 97
53 35 97
54 35 97
55 35 97
56 35 97
57 35 97
58 35 97
59 35 97
60 35 97
61 35 97
62 35 97
63 35 97
64 35 85
65 35 85
66 35 85
67 35 85
68 35 85
69 35 85
70 35 85
71 35 85
72 35 85
73 35 85
74 35 85
75 35 85
76 35 85
77 35 85
78 35 85
79 35 85
80 35 85
81 35 85
82 35 85
83 35 85
84 35 85
85 35 85
86 35 85
87 35 85
88 35 48
89 35 48
90 35 48
91 35 48
92 35 0
0 36 52
1 36 52
2 36 52
3 36 52
4 36 52
5 36 56
6 36 56
7 36 56
8 36 56
9 36 56
10 36 56
11 36 56
12 36 58
13 36 63
14 36 63
15 36 63
16 36 63
17 36 63
18 36 63
19 36 75
20 36 75
21 36 75
22 36 75
23 36 75
24 36 75
25 36 75
26 36 75
27 36 75
28 36 75
29 36 75
30 36 75
31 36 75
32 36 75
33 36 75
34 36 89
35 36 94
36 36 94
37 36 94
38 36 97
39 36 97
40 36 97
41 36 97
42 36 97
43 36 97
44 36 97
45 36 97
46 36 97
47 36 97
48 36 97
49 36 97
50 36 97
51 36 97
52 36 97
53 36 97
54 36 97
55 36 97
56 36 97
57 36 97
58 36 97
59 36 97
60 36 97
61 36 97
62 36 97
63 36 97
64 36 85
65 36 85
66 36 85
67 36 85
68 36 85
69 36 85
70 36 85
71 36 85
72 36 85
73 36 85
74 36 85
75 36 85
76 36 85
77 36 85
78 36 85
79 36 85
80 36 85
81 36 85
82 36 85
83 36 85
84 36 85
85 36 85
86 36 85
87 36 85
88 36 48
89 36 48
90 36 48
91 36 48
92 36 0
0 37 52
1 37 52
2 37 52
3 37 52
4 37 52
5 37 56
6 37 56
7 37 56
8 37 56
9 37 56
10 37 56
11 37 56
12 37 58
13 37 63
14 37 63
15 37 63
16 37 63
17 37 63
18 37 63
19 37 75
20 37 75
21 37 75
22 37 75
23 37 75
24 37 75
25 37 75
26 37 75
27 37 75
28 37 75
29 37 75
30 37 75
31 37 75
32 37 75
33 37 78
34 37 89
35 37 94
36 37 94
37 37 94
38 37 97
39 37 97
40 37 97
41 37 97
42 37 97
43 37 97
44 37 97
45 37 97
46 37 97
47 37 97
48 37 97
49 37 97
50 37 97
51 37 97
52 37 97
53 37 97
54 37 97
55 37 97
56 37 97
57 37 97
58 37 97
59 37 97
60 37 97
61 37 97
62 37 97
63 37 97
64 37 85
65 37 85
66 37 85
67 37 85
68 37 85
69 37 85
70 37 85
71 37 85
72 37 85
73 37 85
74 37 85
75 37 85
76 37 85
77 37 85
78 37 85
79 37 85
80 37 85
81 37 85
82 37 85
83 37 85
84 37 85
85 37 85
86 37 85
87 37 85
88 37 48
89 37 48
90 37 48
91 37 48
92 37 0
0 38 52
1 38 52
2 38 52
3 38 52
4 38 52
5 38 56
6 38 56
7 38 56
8 38 56
9 38 56
10 38 56
11 38 56
12 38 58
13 38 63
14 38 63
15 38 63
16 38 63
17 38 63
18 38 63
19 38 75
20 38 75
21 38 75
22 38 75
23 38 75
24 38 75
25 38 75
26 38 75
27 38 75
28 38 75
29 38 75
30 38 75
31 38 75
32 38 75
33 38 78
34 38 89
35 38 94
36 38 94
37 38 94
38 38 97
39 38 97
40 38 97
41 38 97
42 38 97
43 38 97
44 38 97
45 38 97
46 38 97
47 38 97
48 38 97
49 38 97
50 38 97
51 38 97
52 38 97
53 38 97
54 38 97
55 38 97
56 38 97
57 38 97
58 38 97
59 38 97
60 38 97
61 38 97
62 38 97
63 38 97
64 38 85
65 38 85
66 38 85
67 38 85
68 38 85
69 38 85
70 38 85
71 38 85
72 38 85
73 38 85
74 38 85
75 38 85
76 38 85
77 38 85
78 38 85
79 38 85
80 38 85
81 38 85
82 38 85
83 38 85
84 38 85
85 38 85
86 38 85
87 38 85
88 38 48
89 38 48
90 38 48
91 38 48
92 38 0
0 39 52
1 39 52
2 39 52
3 39 52
4 39 52
5 39 56
6 39 56
7 39 56
8 39 56
9 39 56
10 39 56
11 39 56
12 39 58
13 39 63
14 39 63
15 39 63
16 39 63
17 39 63
18 39 63
19 39 75
20 39 75
21 39 75
22 39 75
23 39 75
24 39 75
25 39 75
26 39 75
27 39 75
28 39 75
29 39 75
30 39 75
31 39 75
32 39 75
33 39 78
34 39 89
35 39 94
36 39 94
37 39 94
38 39 97
39 39 97
40 39 97
41 39 97
42 39 97
43 39 97
44 39 97
45 39 97
46 39 97
47 39 97
48 39 97
49 39 97
50 39 97
51 39 97
52 39 97
53 39 97
54 39 97
55 39 97
56 39 97
57 39 97
58 39 97
59 39 97
60 39 97
61 39 97
62 39 97
63 39 97
64 39 85
65 39 85
66 39 85
67 39 85
68 39 85
69 39 85
70 39 85
71 39 85
72 39 85
73 39 85
74 39 85
75 39 85
76 39 85
77 39 85
78 39 85
79 39 85
80 39 85
81 39 85
82 39 85
83 39 85
84 39 85
85 39 85
86 39 85
87 39 85
88 39 48
89 39 48
90 39 48
91 39 48
92 39 0
0 40 52
1 40 52
2 40 52
3 40 52
4 40 52
5 40 56
6 40 56
7 40 56
8 40 56
9 40 56
10 40 56
11 40 56
12 40 58
13 40 63
14 40 63
15 40 63
16 40 63
17 40 63
18 40 63
19 40 75
20 40 75
21 40 75
22 40 75
23 40 75
24 40 75
25 40 75
26 40 75
27 40 75
28 40 75
29 40 75
30 40 75
31 40 75
32 40 75
33 40 78
34 40 89
35 40 94
36 40 94
37 40 94
38 40 97
39 40 97
40 40 97
41 40 97
42 40 97
43 40 97
44 40 97
45 40 97
46 40 97
47 40 97
48 40 97
49 40 97
50 40 97
51 40 97
52 40 97
53 40 97
54 40 97
55 40 97
56 40 97
57 40 97
58 40 97
59 40 97
60 40 97
61 40 97
62 40 97
63 40 97
64 40 85
65 40 85
66 40 85
67 40 85
68 40 85
69 40 85
70 40 85
71 40 85
72 40 85
73 40 85
74 40 85
75 40 85
76 40 85
77 40 85
78 40 85
79 40 85
80 40 85
81 40 85
82 40 85
83 40 85
84 40 85
85 40 85
86 40 85
87 40 85
88 40 48
89 40 48
90 40 48
91 40 48
92 40 0
0 41 52
1 41 52
2 41 52
3 41 52
4 41 52
5 41 56
6 41 56
7 41 56
8 41 56
9 41 56
10 41 56
11 41 56
12 41 58
13 41 63
14 41 63
15 41 63
16 41 63
17 41 63
18 41 63
19 41 75
20 41 75
21 41 75
22 41 75
23 41 75
24 41 75
25 41 75
26 41 75
27 41 75
28 41 75
29 41 75
30 41 75
31 41 75
32 41 75
33 41 78
34 41 89
35 41 94
36 41 94
37 41 94
38 41 97
39 41 97
40 41 97
41 41 97
42 41 97
43 41 97
44 41 97
45 41 97
46 41 97
47 41 97
48 41 97
49 41 97
50 41 97
51 41 97
52 41 97
53 41 97
54 41 97
55 41 97
56 41 97
57 41 97
58 41 97
59 41 97
60 41 97
61 41 97
62 41 97
63 41 97
64 41 85
65 41 85
66 41 85
67 41 85
68 41 85
69 41 85
70 41 85
71 41 85
72 41 85
73 41 85
74 41 85
75 41 85
76 41 85
77 41 85
78 41 85
79 41 85
80 41 85
81 41 85
82 41 85
83 41 85
84 41 85
85 41 85
86 41 85
87 41 85
88 41 48
89 41 48
90 41 48
91 41 48
92 41 0
0 42 52
1 42 52
2 42 52
3 42 52
4 42 52
5 42 56
6 42 56
7 42 56
8 42 56
9 42 56
10 42 56
11 42 56
12 42 58
13 42 63
14 42 63
15 42 63
16 42 63
17 42 63
18 42 63
19 42 75
20 42 75
21 42 75
22 42 75
23 42 75
24 42 75
25 42 75
26 42 75
27 42 75
28 42 75
29 42 75
30 42 75
31 42 75
32 42 75
33 42 78
34 42 89
35 42 94
36 42 94
37 42 94
38 42 97
39 42 97
40 42 97
41 42 97
42 42 97
43 42 97
44 42 97
45 42 97
46 42 97
47 42 97
48 42 97
49 42 97
50 42 97
51 42 97
52 42 97
53 42 97
54 42 97
55 42 97
56 42 97
57 42 97
58 42 97
59 42 97
60 42 97
61 42 97
62 42 97
63 42 97
64 42 85
65 42 85
66 42 85
67 42 85
68 42 85
69 42 85
70 42 85
71 42 85
72 42 85
73 42 85
74 42 85
75 42 85
76 42 85
77 42 85
78 42 85
79 42 85
80 42 85
81 42 85
82 42 85
83 42 85
84 42 85
85 42 85
86 42 85
87 42 85
88 42 48
89 42 48
90 42 48
91 42 48
92 42 0
0 43 52
1 43 52
2 43 52
3 43 52
4 43 52
5 43 56
6 43 56
7 43 56
8 43 56
9 43 56
10 43 56
11 43 56
12 43 58
13 43 63
14 43 63
15 43 63
16 43 63
17 43 63
18 43 63
19 43 75
20 43 75
21 43 75
22 43 75
23 43 75
24 43 75
25 43 75
26 43 75
27 43 75
28 43 75
29 43 75
30 43 75
31 43 75
32 43 75
33 43 78
34 43 89
35 43 94
36 43 94
37 43 94
38 43 97
39 43 97
40 43 97
41 43 97
42 43 97
43 43 97
44 43 97
45 43 97
46 43 97
47 43 97
48 43 97
49 43 97
50 43 97
51 43 97
52 43 97
53 43 97
54 43 97
55 43 97
56 43 97
57 43 97
58 43 97
59 43 97
60 43 97
61 43 97
62 43 97
63 43 97
64 43 85
65 43 85
66 43 85
67 43 85
68 43 85
69 43 85
70 43 85
71 43 85
72 43 85
73 43 85
74 43 85
75 43 85
76 43 85
77 43 85
78 43 85
79 43 85
80 43 85
81 43 85
82 43 85
83 43 85
84 43 85
85 43 85
86 43 85
87 43 85
88 43 48
89 43 48
90 43 48
91 43 48
92 43 0
0 44 52
1 44 52
2 44 52
3 44 52
4 44 52
5 44 56
6 44 56
7 44 56
8 44 56
9 44 56
10 44 56
11 44 56
12 44 58
13 44 63
14 44 63
15 44 63
16 44 63
17 44 63
18 44 63
19 44 75
20 44 75
21 44 75
22 44 75
23 44 75
24 44 75
25 44 75
26 44 75
27 44 75
28 44 75
29 44 75
30 44 75
31 44 75
32 44 75
33 44 78
34 44 89
35 44 94
36 44 94
37 44 94
38 44 97
39 44 97
40 44 97
41 44 97
42 44 97
43 44 97
44 44 97
45 44 97
46 44 97
47 44 97
48 44 97
49 44 97
50 44 97
51 44 97
52 44 97
53 44 97
54 44 97
55 44 97
56 44 97
57 44 97
58 44 97
59 44 97
60 44 97
61 44 97
62 44 97
63 44 97
64 44 85
65 44 85
66 44 85
67 44 85
68 44 85
69 44 85
70 44 85
71 44 85
72 44 85
73 44 85
74 44 85
75 44 85
76 44 85
77 44 85
78 44 85
79 44 85
80 44 85
81 44 85
82 44 85
83 44 85
84 44 85
85 44 85
86 44 85
87 44 85
88 44 48
89 44 48
90 44 48
91 44 48
92 44 0
0 45 52
1 45 52
2 45 52
3 45 52
4 45 52
5 45 56
6 45 56
7 45 56
8 45 56
9 45 56
10 45 56
11 45 56
12 45 58
13 45 63
14 45 63
15 45 63
16 45 63
17 45 63
18 45 63
19 45 75
20 45 75
21 45 75
22 45 75
23 45 75
24 45 75
25 45 75
26 45 75
27 45 75
28 45 75
29 45 75
30 45 75
31 45 75
32 45 75
33 45 78
34 45 89
35 45 94
36 45 94
37 45 94
38 45 97
39 45 97
40 45 97
41 45 97
42 45 97
43 45 97
44 45 97
45 45 97
46 45 97
47 45 97
48 45 97
49 45 97
50 45 97
51 45 97
52 45 97
53 45 97
54 45 97
55 45 97
56 45 97
57 45 97
58 45 97
59 45 97
60 45 97
61 45 97
62 45 97
63 45 97
64 45 85
65 45 85
66 45 85
67 45 85
68 45 85
69 45 85
70 45 85
71 45 85
72 45 85
73 45 85
74 45 85
75 45 85
76 45 85
77 45 85
78 45 85
79 45 85
80 45 85
81 45 85
82 45 85
83 45 85
84 45 85
85 45 85
86 45 85
87 45 85
88 45 48
89 45 48
90 45 48
91 45 48
92 45 0
0 46 52
1 46 52
2 46 52
3 46 52
4 46 52
5 46 56
6 46 56
7 46 56
8 46 56
9 46 56
10 46 56
11 46 56
12 46 58
13 46 63
14 46 63
15 46 63
16 46 63
17 46 63
18 46 63
19 46 75
20 46 75
21 46 75
22 46 75
23 46 75
24 46 75
25 46 75
26 46 75
27 46 75
28 46 75
29 46 75
30 46 75
31 46 75
32 46 75
33 46 78
34 46 89
35 46 94
36 46 94
37 46 94
38 46 97
39 46 97
40 46 97
41 46 97
42 46 97
43 46 97
44 46 97
45 46 97
46 46 97
47 46 97
48 46 97
49 46 97
50 46 97
51 46 97
52 46 97
53 46 97
54 46 97
55 46 97
56 46 97
57 46 97
58 46 97
59 46 97
60 46 97
61 46 97
62 46 97
63 46 97
64 46 85
65 46 85
66 46 85
67 46 85
68 46 85
69 46 85
70 46 85
71 46 85
72 46 85
73 46 85
74 46 85
75 46 85
76 46 85
77 46 85
78 46 85
79 46 85
80 46 85
81 46 85
82 46 85
83 46 85
84 46 85
85 46 85
86 46 85
87 46 85
88 46 48
89 46 48
90 46 48
91 46 48
92 46 0
0 47 52
1 47 52
2 47 52
3 47 52
4 47 52
5 47 56
6 47 56
7 47 56
8 47 56
9 47 56
10 47 56
11 47 56
12 47 58
13 47 63
14 47 63
15 47 63
16 47 63
17 47 63
18 47 63
19 47 75
20 47 75
21 47 62
22 47 62
23 47 62
24 47 62
25 47 62
26 47 62
27 47 62
28 47 62
29 47 62
30 47 62
31 47 62
32 47 62
33 47 65
34 47 89
35 47 94
36 47 94
37 47 94
38 47 97
39 47 97
40 47 97
41 47 97
42 47 97
43 47 97
44 47 97
45 47 97
46 47 97
47 47 97
48 47 97
49 47 97
50 47 97
51 47 97
52 47 97
53 47 97
54 47 97
55 47 97
56 47 97
57 47 97
58 47 97
59 47 97
60 47 97
61 47 97
62 47 97
63 47 97
64 47 85
65 47 85
66 47 85
67 47 85
68 47 85
69 47 85
70 47 85
71 47 85
72 47 85
73 47 85
74 47 85
75 47 85
76 47 85
77 47 85
78 47 85
79 47 85
80 47 85
81 47 85
82 47 85
83 47 85
84 47 85
85 47 85
86 47 85
87 47 85
88 47 75
89 47 48
90 47 48
91 47 48
92 47 0
0 48 52
1 48 52
2 48 52
3 48 52
4 48 52
5 48 56
6 48 56
7 48 56
8 48 56
9 48 56
10 48 56
11 48 56
12 48 58
13 48 63
14 48 63
15 48 63
16 48 63
17 48 63
18 48 63
19 48 75
20 48 75
21 48 62
22 48 62
23 48 62
24 48 62
25 48 62
26 48 62
27 48 62
28 48 62
29 48 62
30 48 62
31 48 62
32 48 62
33 48 65
34 48 89
35 48 94
36 48 94
37 48 94
38 48 97
39 48 97
40 48 97
41 48 97
42 48 97
43 48 97
44 48 97
45 48 97
46 48 97
47 48 97
48 48 97
49 48 97
50 48 97
51 48 97
52 48 97
53 48 97
54 48 97
55 48 97
56 48 97
57 48 97
58 48 97
59 48 97
60 48 97
61 48 97
62 48 97
63 48 97
64 48 85
65 48 85
66 48 85
67 48 85
68 48 85
69 48 85
70 48 85
71 48 85
72 48 85
73 48 85
74 48 85
75 48 85
76 48 85
77 48 85
78 48 85
79 48 85
80 48 85
81 48 85
82 48 85
83 48 85
84 48 85
85 48 85
86 48 85
87 48 85
88 48 75
89 48 48
90 48 48
91 48 48
92 48 0
0 49 52
1 49 52
2 49 52
3 49 52
4 49 52
5 49 56
6 49 56
7 49 56
8 49 56
9 49 56
10 49 56
11 49 56
12 49 58
13 49 63
14 49 63
15 49 63
16 49 63
17 49 63
18 49 63
19 49 75
20 49 75
21 49 62
22 49 62
23 49 62
24 49 62
25 49 62
26 49 62
27 49 62
28 49 62
29 49 62
30 49 62
31 49 62
32 49 62
33 49 65
34 49 89
35 49 94
36 49 94
37 49 94
38 49 97
39 49 97
40 49 97
41 49 97
42 49 97
43 49 97
44 49 97
45 49 97
46 49 97
47 49 97
48 49 97
49 49 97
50 49 97
51 49 97
52 49 97
53 49 97
54 49 97
55 49 97
56 49 97
57 49 97
58 49 97
59 49 97
60 49 97
61 49 97
62 49 97
63 49 97
64 49 83
65 49 73
66 49 73
67 49 73
68 49 71
69 49 71
70 49 71
71 49 71
72 49 71
73 49 71
74 49 71
75 49 71
76 49 71
77 49 71
78 49 71
79 49 71
80 49 71
81 49 71
82 49 71
83 49 71
84 49 71
85 49 57
86 49 57
87 49 57
88 49 45
89 49 0
90 49 0
91 49 0
92 49 0
0 50 52
1 50 52
2 50 52
3 50 52
4 50 52
5 50 56
6 50 56
7 50 56
8 50 56
9 50 56
10 50 56
11 50 56
12 50 58
13 50 63
14 50 63
15 50 63
16 50 63
17 50 63
18 50 63
19 50 75
20 50 75
21 50 62
22 50 62
23 50 62
24 50 62
25 50 62
26 50 62
27 50 62
28 50 62
29 50 62
30 50 62
31 50 62
32 50 62
33 50 65
34 50 89
35 50 89
36 50 89
37 50 89
38 50 97
39 50 97
40 50 97
41 50 97
42 50 97
43 50 97
44 50 97
45 50 97
46 50 97
47 50 97
48 50 97
49 50 97
50 50 97
51 50 97
52 50 97
53 50 97
54 50 97
55 50 97
56 50 97
57 50 97
58 50 97
59 50 97
60 50 97
61 50 97
62 50 97
63 50 97
64 50 83
65 50 73
66 50 73
67 50 73
68 50 71
69 50 71
70 50 71
71 50 71
72 50 71
73 50 71
74 50 71
75 50 71
76 50 71
77 50 71
78 50 71
79 50 71
80 50 71
81 50 71
82 50 71
83 50 71
84 50 71
85 50 55
86 50 55
87 50 55
88 50 45
89 50 0
90 50 0
91 50 0
92 50 0
0 51 52
1 51 52
2 51 52
3 51 52
4 51 52
5 51 56
6 51 56
7 51 56
8 51 56
9 51 56
10 51 56
11 51 56
12 51 58
13 51 63
14 51 63
15 51 63
16 51 63
17 51 63
18 51 63
19 51 75
20 51 75
21 51 62
22 51 62
23 51 62
24 51 62
25 51 62
26 51 62
27 51 62
28 51 62
29 51 62
30 51 62
31 51 62
32 51 62
33 51 65
34 51 89
35 51 89
36 51 89
37 51 89
38 51 97
39 51 97
40 51 97
41 51 97
42 51 97
43 51 97
44 51 97
45 51 97
46 51 97
47 51 97
48 51 97
49 51 97
50 51 97
51 51 97
52 51 97
53 51 97
54 51 97
55 51 97
56 51 97
57 51 97
58 51 97
59 51 97
60 51 97
61 51 97
62 51 97
63 51 97
64 51 83
65 51 73
66 51 73
67 51 73
68 51 71
69 51 71
70 51 71
71 51 71
72 51 71
73 51 71
74 51 71
75 51 71
76 51 71
77 51 71
78 51 71
79 51 71
80 51 71
81 51 71
82 51 71
83 51 71
84 51 71
85 51 55
86 51 55
87 51 55
88 51 45
89 51 0
90 51 0
91 51 0
92 51 0
0 52 52
1 52 52
2 52 52
3 52 52
4 52 52
5 52 56
6 52 56
7 52 56
8 52 56
9 52 56
10 52 56
11 52 56
12 52 58
13 52 63
14 52 63
15 52 63
16 52 63
17 52 63
18 52 63
19 52 75
20 52 75
21 52 62
22 52 62
23 52 62
24 52 62
25 52 62
26 52 62
27 52 62
28 52 62
29 52 62
30 52 62
31 52 62
32 52 62
33 52 65
34 52 89
35 52 89
36 52 89
37 52 89
38 52 97
39 52 97
40 52 97
41 52 97
42 52 97
43 52 97
44 52 97
45 52 97
46 52 97
47 52 97
48 52 97
49 52 97
50 52 97
51 52 97
52 52 97
53 52 97
54 52 97
55 52 97
56 52 97
57 52 97
58 52 97
59 52 97
60 52 97
61 52 97
62 52 97
63 52 97
64 52 83
65 52 73
66 52 73
67 52 73
68 52 71
69 52 71
70 52 71
71 52 71
72 52 71
73 52 71
74 52 71
75 52 71
76 52 71
77 52 71
78 52 71
79 52 71
80 52 71
81 52 71
82 52 71
83 52 71
84 52 71
85 52 55
86 52 55
87 52 55
88 52 45
89 52 0
90 52 0
91 52 0
92 52 0
0 53 52
1 53 52
2 53 52
3 53 52
4 53 52
5 53 56
6 53 56
7 53 56
8 53 56
9 53 56
10 53 56
11 53 56
12 53 58
13 53 63
14 53 63
15 53 63
16 53 63
17 53 63
18 53 63
19 53 75
20 53 75
21 53 62
22 53 62
23 53 62
24 53 62
25 53 62
26 53 62
27 53 62
28 53 62
29 53 62
30 53 62
31 53 62
32 53 62
33 53 65
34 53 89
35 53 89
36 53 89
37 53 89
38 53 97
39 53 97
40 53 97
41 53 97
42 53 97
43 53 97
44 53 97
45 53 97
46 53 97
47 53 97
48 53 97
49 53 97
50 53 97
51 53 97
52 53 97
53 53 97
54 53 97
55 53 97
56 53 97
57 53 97
58 53 97
59 53 97
60 53 97
61 53 97
62 53 97
63 53 97
64 53 83
65 53 73
66 53 73
67 53 73
68 53 71
69 53 71
70 53 71
71 53 71
72 53 71
73 53 71
74 53 71
75 53 71
76 53 71
77 53 71
78 53 71
79 53 71
80 53 71
81 53 71
82 53 71
83 53 71
84 53 71
85 53 55
86 53 55
87 53 55
88 53 45
89 53 0
90 53 0
91 53 0
92 53 0
0 54 52
1 54 52
2 54 52
3 54 52
4 54 52
5 54 56
6 54 56
7 54 56
8 54 56
9 54 56
10 54 56
11 54 56
12 54 58
13 54 63
14 54 63
15 54 63
16 54 63
17 54 63
18 54 63
19 54 75
20 54 75
21 54 62
22 54 62
23 54 62
24 54 62
25 54 62
26 54 62
27 54 62
28 54 62
29 54 62
30 54 62
31 54 62
32 54 62
33 54 65
34 54 89
35 54 89
36 54 89
37 54 89
38 54 97
39 54 97
40 54 97
41 54 97
42 54 97
43 54 97
44 54 97
45 54 97
46 54 97
47 54 97
48 54 97
49 54 97
50 54 97
51 54 97
52 54 97
53 54 97
54 54 97
55 54 97
56 54 97
57 54 97
58 54 97
59 54 97
60 54 97
61 54 97
62 54 97
63 54 97
64 54 83
65 54 73
66 54 73
67 54 73
68 54 71
69 54 71
70 54 71
71 54 71
72 54 71
73 54 71
74 54 71
75 54 71
76 54 71
77 54 71
78 54 71
79 54 71
80 54 71
81 54 71
82 54 71
83 54 71
84 54 71
85 54 55
86 54 55
87 54 55
88 54 45
89 54 0
90 54 0
91 54 0
92 54 0
0 55 52
1 55 52
2 55 52
3 55 52
4 55 52
5 55 56
6 55 56
7 55 56
8 55 56
9 55 56
10 55 56
11 55 56
12 55 58
13 55 63
14 55 63
15 55 63
16 55 63
17 55 63
18 55 63
19 55 75
20 55 75
21 55 62
22 55 62
23 55 62
24 55 62
25 55 62
26 55 62
27 55 62
28 55 62
29 55 62
30 55 62
31 55 62
32 55 62
33 55 65
34 55 89
35 55 89
36 55 89
37 55 89
38 55 97
39 55 97
40 55 97
41 55 97
42 55 97
43 55 97
44 55 97
45 55 97
46 55 97
47 55 97
48 55 97
49 55 97
50 55 97
51 55 97
52 55 97
53 55 97
54 55 97
55 55 97
56 55 97
57 55 97
58 55 97
59 55 97
60 55 97
61 55 97
62 55 97
63 55 97
64 55 83
65 55 73
66 55 73
67 55 73
68 55 71
69 55 71
70 55 71
71 55 71
72 55 71
73 55 71
74 55 71
75 55 71
76 55 71
77 55 71
78 55 71
79 55 71
80 55 71
81 55 71
82 55 71
83 55 71
84 55 71
85 55 55
86 55 55
87 55 55
88 55 45
89 55 0
90 55 0
91 55 0
92 55 0
0 56 52
1 56 52
2 56 52
3 56 52
4 56 52
5 56 56
6 56 56
7 56 56
8 56 56
9 56 56
10 56 56
11 56 56
12 56 58
13 56 63
14 56 63
15 56 63
16 56 63
17 56 63
18 56 63
19 56 75
20 56 75
21 56 62
22 56 62
23 56 62
24 56 62
25 56 62
26 56 62
27 56 62
28 56 62
29 56 62
30 56 62
31 56 62
32 56 62
33 56 65
34 56 89
35 56 89
36 56 89
37 56 89
38 56 97
39 56 97
40 56 97
41 56 97
42 56 97
43 56 97
44 56 97
45 56 97
46 56 97
47 56 97
48 56 97
49 56 97
50 56 97
51 56 97
52 56 97
53 56 97
54 56 97
55 56 97
56 56 97
57 56 97
58 56 97
59 56 97
60 56 97
61 56 97
62 56 97
63 56 97
64 56 83
65 56 73
66 56 73
67 56 73
68 56 71
69 56 71
70 56 71
71 56 71
72 56 71
73 56 71
74 56 71
75 56 71
76 56 71
77 56 71
78 56 71
79 56 71
80 56 71
81 56 71
82 56 71
83 56 71
84 56 71
85 56 55
86 56 55
87 56 55
88 56 45
89 56 0
90 56 0
91 56 0
92 56 0
0 57 0
1 57 0
2 57 0
3 57 0
4 57 0
5 57 47
6 57 47
7 57 47
8 57 47
9 57 47
10 57 47
11 57 47
12 57 51
13 57 56
14 57 56
15 57 56
16 57 56
17 57 56
18 57 56
19 57 75
20 57 75
21 57 62
22 57 62
23 57 62
24 57 62
25 57 62
26 57 62
27 57 62
28 57 62
29 57 62
30 57 62
31 57 62
32 57 62
33 57 65
34 57 89
35 57 89
36 57 89
37 57 89
38 57 97
39 57 97
40 57 97
41 57 97
42 57 97
43 57 97
44 57 97
45 57 97
46 57 97
47 57 97
48 57 97
49 57 97
50 57 97
51 57 97
52 57 97
53 57 97
54 57 97
55 57 97
56 57 97
57 57 97
58 57 97
59 57 97
60 57 97
61 57 97
62 57 97
63 57 97
64 57 83
65 57 73
66 57 73
67 57 73
68 57 71
69 57 71
70 57 71
71 57 71
72 57 71
73 57 71
74 57 71
75 57 71
76 57 71
77 57 71
78 57 71
79 57 71
80 57 71
81 57 71
82 57 71
83 57 71
84 57 71
85 57 55
86 57 55
87 57 55
88 57 45
89 57 0
90 57 0
91 57 0
92 57 0
0 58 0
1 58 0
2 58 0
3 58 0
4 58 0
5 58 0
6 58 0
7 58 0
8 58 45
9 58 45
10 58 45
11 58 45
12 58 51
13 58 56
14 58 56
15 58 56
16 58 56
17 58 56
18 58 56
19 58 75
20 58 75
21 58 62
22 58 62
23 58 62
24 58 62
25 58 62
26 58 62
27 58 62
28 58 62
29 58 62
30 58 62
31 58 62
32 58 62
33 58 65
34 58 89
35 58 89
36 58 89
37 58 89
38 58 97
39 58 97
40 58 97
41 58 97
42 58 97
43 58 97
44 58 97
45 58 97
46 58 97
47 58 97
48 58 97
49 58 97
50 58 97
51 58 97
52 58 97
53 58 97
54 58 97
55 58 97
56 58 97
57 58 97
58 58 97
59 58 97
60 58 97
61 58 97
62 58 97
63 58 97
64 58 83
65 58 73
66 58 73
67 58 73
68 58 71
69 58 71
70 58 71
71 58 71
72 58 71
73 58 71
74 58 71
75 58 71
76 58 71
77 58 71
78 58 71
79 58 71
80 58 71
81 58 71
82 58 71
83 58 71
84 58 71
85 58 55
86 58 55
87 58 55
88 58 45
89 58 0
90 58 0
91 58 0
92 58 0
0 59 0
1 59 0
2 59 0
3 59 0
4 59 0
5 59 0
6 59 0
7 59 0
8 59 45
9 59 45
10 59 45
11 59 45
12 59 51
13 59 56
14 59 56
15 59 56
16 59 56
17 59 56
18 59 56
19 59 75
20 59 75
21 59 62
22 59 62
23 59 62
24 59 62
25 59 62
26 59 62
27 59 62
28 59 62
29 59 62
30 59 62
31 59 62
32 59 62
33 59 65
34 59 89
35 59 89
36 59 89
37 59 89
38 59 97
39 59 97
40 59 97
41 59 97
42 59 97
43 59 97
44 59 97
45 59 97
46 59 97
47 59 97
48 59 97
49 59 97
50 59 97
51 59 97
52 59 97
53 59 97
54 59 97
55 59 97
56 59 97
57 59 97
58 59 97
59 59 97
60 59 97
61 59 97
62 59 97
63 59 97
64 59 83
65 59 73
66 59 73
67 59 73
68 59 71
69 59 71
70 59 71
71 59 71
72 59 71
73 59 71
74 59 71
75 59 71
76 59 71
77 59 71
78 59 71
79 59 71
80 59 71
81 59 71
82 59 71
83 59 71
84 59 71
85 59 55
86 59 55
87 59 55
88 59 45
89 59 0
90 59 0
91 59 0
92 59 0
0 60 0
1 60 0
2 60 0
3 60 0
4 60 0
5 60 0
6 60 0
7 60 0
8 60 45
9 60 45
10 60 45
11 60 45
12 60 51
13 60 56
14 60 56
15 60 56
16 60 56
17 60 56
18 60 56
19 60 75
20 60 75
21 60 62
22 60 62
23 60 62
24 60 62
25 60 62
26 60 62
27 60 62
28 60 62
29 60 62
30 60 62
31 60 62
32 60 62
33 60 65
34 60 89
35 60 89
36 60 89
37 60 89
38 60 97
39 60 97
40 60 97
41 60 97
42 60 97
43 60 97
44 60 97
45 60 97
46 60 97
47 60 97
48 60 97
49 60 97
50 60 97
51 60 97
52 60 97
53 60 97
54 60 97
55 60 97
56 60 97
57 60 97
58 60 97
59 60 97
60 60 97
61 60 97
62 60 97
63 60 97
64 60 83
65 60 73
66 60 73
67 60 73
68 60 71
69 60 71
70 60 71
71 60 71
72 60 71
73 60 71
74 60 71
75 60 71
76 60 71
77 60 71
78 60 71
79 60 71
80 60 71
81 60 71
82 60 71
83 60 71
84 60 71
85 60 55
86 60 55
87 60 55
88 60 45
89 60 0
90 60 0
91 60 0
92 60 0
0 61 0
1 61 0
2 61 0
3 61 0
4 61 0
5 61 0
6 61 0
7 61 0
8 61 45
9 61 45
10 61 45
11 61 45
12 61 51
13 61 56
14 61 56
15 61 56
16 61 56
17 61 56
18 61 56
19 61 75
20 61 75
21 61 62
22 61 62
23 61 62
24 61 62
25 61 62
26 61 62
27 61 62
28 61 62
29 61 62
30 61 62
31 61 62
32 61 62
33 61 65
34 61 89
35 61 89
36 61 89
37 61 89
38 61 97
39 61 97
40 61 97
41 61 97
42 61 97
43 61 97
44 61 97
45 61 97
46 61 97
47 61 97
48 61 97
49 61 97
50 61 97
51 61 97
52 61 97
53 61 97
54 61 97
55 61 97
56 61 97
57 61 97
58 61 97
59 61 97
60 61 97
61 61 97
62 61 97
63 61 97
64 61 83
65 61 73
66 61 73
67 61 73
68 61 71
69 61 71
70 61 71
71 61 71
72 61 71
73 61 71
74 61 71
75 61 71
76 61 71
77 61 71
78 61 71
79 61 71
80 61 71
81 61 71
82 61 71
83 61 71
84 61 71
85 61 55
86 61 55
87 61 55
88 61 45
89 61 0
90 61 0
91 61 0
92 61 0
0 62 0
1 62 0
2 62 0
3 62 0
4 62 0
5 62 0
6 62 0
7 62 0
8 62 45
9 62 45
10 62 45
11 62 45
12 62 51
13 62 56
14 62 56
15 62 56
16 62 56
17 62 56
18 62 56
19 62 75
20 62 75
21 62 62
22 62 62
23 62 62
24 62 62
25 62 62
26 62 62
27 62 62
28 62 62
29 62 62
30 62 62
31 62 62
32 62 62
33 62 65
34 62 89
35 62 89
36 62 89
37 62 89
38 62 97
39 62 97
40 62 97
41 62 97
42 62 97
43 62 97
44 62 97
45 62 97
46 62 97
47 62 97
48 62 97
49 62 97
50 62 97
51 62 97
52 62 97
53 62 97
54 62 97
55 62 97
56 62 97
57 62 97
58 62 97
59 62 97
60 62 97
61 62 97
62 62 97
63 62 97
64 62 83
65 62 73
66 62 73
67 62 73
68 62 71
69 62 71
70 62 71
71 62 71
72 62 71
73 62 71
74 62 71
75 62 71
76 62 71
77 62 71
78 62 71
79 62 71
80 62 71
81 62 71
82 62 71
83 62 71
84 62 71
85 62 55
86 62 55
87 62 55
88 62 45
89 62 0
90 62 0
91 62 0
92 62 0
0 63 0
1 63 0
2 63 0
3 63 0
4 63 0
5 63 0
6 63 0
7 63 0
8 63 45
9 63 45
10 63 45
11 63 45
12 63 51
13 63 56
14 63 56
15 63 56
16 63 56
17 63 56
18 63 56
19 63 75
20 63 75
21 63 62
22 63 62
23 63 62
24 63 62
25 63 62
26 63 62
27 63 62
28 63 62
29 63 62
30 63 62
31 63 62
32 63 62
33 63 65
34 63 89
35 63 89
36 63 89
37 63 89
38 63 97
39 63 97
40 63 97
41 63 97
42 63 97
43 63 97
44 63 97
45 63 97
46 63 97
47 63 97
48 63 97
49 63 97
50 63 97
51 63 97
52 63 97
53 63 97
54 63 97
55 63 97
56 63 97
57 63 97
58 63 97
59 63 97
60 63 97
61 63 97
62 63 97
63 63 97
64 63 83
65 63 73
66 63 73
67 63 73
68 63 71
69 63 71
70 63 71
71 63 71
72 63 71
73 63 71
74 63 71
75 63 71
76 63 71
77 63 71
78 63 71
79 63 71
80 63 71
81 63 71
82 63 71
83 63 71
84 63 71
85 63 55
86 63 55
87 63 55
88 63 45
89 63 0
90 63 0
91 63 0
92 63 0
0 64 0
1 64 0
2 64 0
3 64 0
4 64 0
5 64 0
6 64 0
7 64 0
8 64 45
9 64 45
10 64 45
11 64 45
12 64 51
13 64 56
14 64 56
15 64 56
16 64 56
17 64 56
18 64 56
19 64 75
20 64 75
21 64 75
22 64 75
23 64 75
24 64 75
25 64 75
26 64 75
27 64 75
28 64 75
29 64 75
30 64 75
31 64 75
32 64 75
33 64 78
34 64 89
35 64 89
36 64 89
37 64 89
38 64 97
39 64 97
40 64 97
41 64 97
42 64 97
43 64 97
44 64 97
45 64 97
46 64 97
47 64 97
48 64 97
49 64 97
50 64 97
51 64 97
52 64 97
53 64 97
54 64 97
55 64 97
56 64 97
57 64 97
58 64 97
59 64 97
60 64 97
61 64 97
62 64 97
63 64 97
64 64 83
65 64 73
66 64 73
67 64 73
68 64 71
69 64 71
70 64 71
71 64 71
72 64 71
73 64 71
74 64 71
75 64 71
76 64 71
77 64 71
78 64 71
79 64 71
80 64 71
81 64 71
82 64 71
83 64 71
84 64 71
85 64 55
86 64 55
87 64 55
88 64 45
89 64 0
90 64 0
91 64 0
92 64 0
0 65 0
1 65 0
2 65 0
3 65 0
4 65 0
5 65 0
6 65 0
7 65 0
8 65 45
9 65 45
10 65 45
11 65 45
12 65 51
13 65 56
14 65 56
15 65 56
16 65 56
17 65 56
18 65 56
19 65 75
20 65 75
21 65 75
22 65 75
23 65 75
24 65 75
25 65 75
26 65 75
27 65 75
28 65 75
29 65 75
30 65 75
31 65 75
32 65 75
33 65 78
34 65 89
35 65 89
36 65 89
37 65 89
38 65 97
39 65 97
40 65 97
41 65 97
42 65 97
43 65 97
44 65 97
45 65 97
46 65 97
47 65 97
48 65 97
49 65 97
50 65 97
51 65 97
52 65 97
53 65 97
54 65 97
55 65 97
56 65 97
57 65 97
58 65 97
59 65 97
60 65 97
61 65 97
62 65 97
63 65 97
64 65 83
65 65 73
66 65 73
67 65 73
68 65 71
69 65 71
70 65 71
71 65 71
72 65 71
73 65 71
74 65 71
75 65 71
76 65 71
77 65 71
78 65 71
79 65 71
80 65 71
81 65 71
82 65 71
83 65 71
84 65 71
85 65 55
86 65 55
87 65 55
88 65 45
89 65 0
90 65 0
91 65 0
92 65 0
0 66 0
1 66 0
2 66 0
3 66 0
4 66 0
5 66 0
6 66 0
7 66 0
8 66 45
9 66 45
10 66 45
11 66 45
12 66 51
13 66 56
14 66 56
15 66 56
16 66 56
17 66 56
18 66 56
19 66 75
20 66 75
21 66 75
22 66 75
23 66 75
24 66 75
25 66 75
26 66 75
27 66 75
28 66 75
29 66 75
30 66 75
31 66 75
32 66 75
33 66 78
34 66 78
35 66 87
36 66 87
37 66 87
38 66 97
39 66 97
40 66 97
41 66 97
42 66 97
43 66 97
44 66 97
45 66 97
46 66 97
47 66 97
48 66 97
49 66 97
50 66 97
51 66 97
52 66 97
53 66 97
54 66 97
55 66 97
56 66 97
57 66 97
58 66 97
59 66 97
60 66 97
61 66 97
62 66 97
63 66 97
64 66 83
65 66 73
66 66 73
67 66 73
68 66 71
69 66 71
70 66 71
71 66 71
72 66 71
73 66 71
74 66 71
75 66 71
76 66 71
77 66 71
78 66 71
79 66 71
80 66 71
81 66 71
82 66 71
83 66 71
84 66 71
85 66 55
86 66 55
87 66 55
88 66 45
89 66 0
90 66 0
91 66 0
92 66 0
0 67 0
1 67 0
2 67 0
3 67 0
4 67 0
5 67 0
6 67 0
7 67 0
8 67 45
9 67 45
10 67 45
11 67 45
12 67 45
13 67 54
14 67 54
15 67 54
16 67 54
17 67 54
18 67 54
19 67 75
20 67 75
21 67 75
22 67 75
23 67 75
24 67 75
25 67 75
26 67 75
27 67 75
28 67 75
29 67 75
30 67 75
31 67 75
32 67 75
33 67 78
34 67 78
35 67 87
36 67 87
37 67 87
38 67 97
39 67 97
40 67 97
41 67 97
42 67 97
43 67 97
44 67 97
45 67 97
46 67 97
47 67 97
48 67 97
49 67 97
50 67 97
51 67 97
52 67 97
53 67 97
54 67 97
55 67 97
56 67 97
57 67 97
58 67 97
59 67 97
60 67 97
61 67 97
62 67 97
63 67 97
64 67 83
65 67 73
66 67 73
67 67 73
68 67 71
69 67 71
70 67 71
71 67 71
72 67 71
73 67 71
74 67 71
75 67 71
76 67 71
77 67 71
78 67 71
79 67 71
80 67 71
81 67 71
82 67 71
83 67 71
84 67 71
85 67 55
86 67 55
87 67 55
88 67 45
89 67 0
90 67 0
91 67 0
92 67 0
0 68 0
1 68 0
2 68 0
3 68 0
4 68 0
5 68 0
6 68 0
7 68 0
8 68 45
9 68 45
10 68 45
11 68 45
12 68 45
13 68 54
14 68 54
15 68 54
16 68 54
17 68 54
18 68 54
19 68 75
20 68 75
21 68 75
22 68 75
23 68 75
24 68 75
25 68 75
26 68 75
27 68 75
28 68 75
29 68 75
30 68 75
31 68 75
32 68 75
33 68 78
34 68 78
35 68 87
36 68 87
37 68 87
38 68 97
39 68 97
40 68 97
41 68 97
42 68 97
43 68 97
44 68 97
45 68 97
46 68 97
47 68 97
48 68 97
49 68 97
50 68 97
51 68 97
52 68 97
53 68 97
54 68 97
55 68 97
56 68 97
57 68 97
58 68 97
59 68 97
60 68 97
61 68 97
62 68 97
63 68 97
64 68 83
65 68 73
66 68 73
67 68 73
68 68 71
69 68 71
70 68 71
71 68 71
72 68 71
73 68 71
74 68 71
75 68 71
76 68 71
77 68 71
78 68 71
79 68 71
80 68 71
81 68 71
82 68 71
83 68 71
84 68 71
85 68 55
86 68 55
87 68 55
88 68 45
89 68 0
90 68 0
91 68 0
92 68 0
0 69 0
1 69 0
2 69 0
3 69 0
4 69 0
5 69 0
6 69 0
7 69 0
8 69 45
9 69 45
10 69 45
11 69 45
12 69 45
13 69 54
14 69 54
15 69 54
16 69 54
17 69 54
18 69 54
19 69 75
20 69 75
21 69 75
22 69 75
23 69 75
24 69 75
25 69 75
26 69 75
27 69 75
28 69 75
29 69 75
30 69 75
31 69 75
32 69 75
33 69 78
34 69 78
35 69 87
36 69 87
37 69 87
38 69 97
39 69 97
40 69 97
41 69 97
42 69 97
43 69 97
44 69 97
45 69 97
46 69 97
47 69 97
48 69 97
49 69 97
50 69 97
51 69 97
52 69 97
53 69 97
54 69 97
55 69 97
56 69 97
57 69 97
58 69 97
59 69 97
60 69 97
61 69 97
62 69 97
63 69 97
64 69 83
65 69 73
66 69 73
67 69 73
68 69 71
69 69 71
70 69 71
71 69 71
72 69 71
73 69 71
74 69 71
75 69 71
76 69 71
77 69 71
78 69 71
79 69 71
80 69 71
81 69 71
82 69 71
83 69 71
84 69 71
85 69 55
86 69 55
87 69 55
88 69 45
89 69 0
90 69 0
91 69 0
92 69 0
0 70 0
1 70 0
2 70 0
3 70 0
4 70 0
5 70 0
6 70 0
7 70 0
8 70 45
9 70 45
10 70 45
11 70 45
12 70 45
13 70 54
14 70 54
15 70 54
16 70 54
17 70 54
18 70 54
19 70 75
20 70 75
21 70 75
22 70 75
23 70 75
24 70 75
25 70 75
26 70 75
27 70 75
28 70 75
29 70 75
30 70 75
31 70 75
32 70 75
33 70 78
34 70 78
35 70 87
36 70 87
37 70 87
38 70 97
39 70 97
40 70 97
41 70 97
42 70 97
43 70 97
44 70 97
45 70 97
46 70 97
47 70 97
48 70 97
49 70 97
50 70 97
51 70 97
52 70 97
53 70 97
54 70 97
55 70 97
56 70 97
57 70 97
58 70 97
59 70 97
60 70 97
61 70 97
62 70 97
63 70 97
64 70 83
65 70 73
66 70 73
67 70 73
68 70 71
69 70 71
70 70 71
71 70 71
72 70 71
73 70 71
74 70 71
75 70 71
76 70 71
77 70 71
78 70 71
79 70 71
80 70 71
81 70 71
82 70 71
83 70 71
84 70 71
85 70 55
86 70 55
87 70 55
88 70 45
89 70 0
90 70 0
91 70 0
92 70 0
0 71 0
1 71 0
2 71 0
3 71 0
4 71 0
5 71 0
6 71 0
7 71 0
8 71 45
9 71 45
10 71 45
11 71 45
12 71 45
13 71 54
14 71 54
15 71 54
16 71 54
17 71 54
18 71 54
19 71 75
20 71 75
21 71 75
22 71 75
23 71 75
24 71 75
25 71 75
26 71 75
27 71 75
28 71 75
29 71 75
30 71 75
31 71 75
32 71 75
33 71 78
34 71 78
35 71 87
36 71 87
37 71 87
38 71 97
39 71 97
40 71 97
41 71 97
42 71 97
43 71 97
44 71 97
45 71 97
46 71 97
47 71 97
48 71 97
49 71 97
50 71 97
51 71 97
52 71 97
53 71 97
54 71 97
55 71 97
56 71 97
57 71 97
58 71 97
59 71 97
60 71 97
61 71 97
62 71 97
63 71 97
64 71 83
65 71 73
66 71 73
67 71 73
68 71 71
69 71 71
70 71 71
71 71 71
72 71 71
73 71 71
74 71 71
75 71 71
76 71 71
77 71 71
78 71 71
79 71 71
80 71 71
81 71 71
82 71 71
83 71 71
84 71 71
85 71 55
86 71 55
87 71 55
88 71 45
89 71 0
90 71 0
91 71 0
92 71 0
0 72 0
1 72 0
2 72 0
3 72 0
4 72 0
5 72 0
6 72 0
7 72 0
8 72 45
9 72 45
10 72 45
11 72 45
12 72 45
13 72 54
14 72 54
15 72 54
16 72 54
17 72 54
18 72 54
19 72 75
20 72 75
21 72 75
22 72 75
23 72 75
24 72 75
25 72 75
26 72 75
27 72 75
28 72 75
29 72 75
30 72 75
31 72 75
32 72 75
33 72 78
34 72 78
35 72 87
36 72 87
37 72 87
38 72 97
39 72 97
40 72 97
41 72 97
42 72 97
43 72 97
44 72 97
45 72 97
46 72 97
47 72 97
48 72 97
49 72 97
50 72 97
51 72 97
52 72 97
53 72 97
54 72 97
55 72 97
56 72 97
57 72 97
58 72 97
59 72 97
60 72 97
61 72 97
62 72 97
63 72 97
64 72 83
65 72 73
66 72 73
67 72 73
68 72 71
69 72 71
70 72 71
71 72 71
72 72 71
73 72 71
74 72 71
75 72 71
76 72 71
77 72 71
78 72 71
79 72 71
80 72 71
81 72 71
82 72 71
83 72 71
84 72 71
85 72 55
86 72 55
87 72 55
88 72 45
89 72 0
90 72 0
91 72 0
92 72 0
0 73 0
1 73 0
2 73 0
3 73 0
4 73 0
5 73 0
6 73 0
7 73 0
8 73 45
9 73 45
10 73 45
11 73 45
12 73 45
13 73 48
14 73 54
15 73 54
16 73 54
17 73 54
18 73 54
19 73 75
20 73 75
21 73 75
22 73 75
23 73 75
24 73 75
25 73 75
26 73 75
27 73 75
28 73 75
29 73 75
30 73 75
31 73 75
32 73 75
33 73 78
34 73 78
35 73 87
36 73 87
37 73 87
38 73 97
39 73 97
40 73 97
41 73 97
42 73 97
43 73 97
44 73 97
45 73 97
46 73 97
47 73 97
48 73 97
49 73 97
50 73 97
51 73 97
52 73 97
53 73 97
54 73 97
55 73 97
56 73 97
57 73 97
58 73 97
59 73 97
60 73 97
61 73 97
62 73 97
63 73 97
64 73 83
65 73 73
66 73 73
67 73 73
68 73 71
69 73 71
70 73 71
71 73 71
72 73 71
73 73 71
74 73 71
75 73 71
76 73 71
77 73 71
78 73 71
79 73 71
80 73 71
81 73 71
82 73 71
83 73 71
84 73 71
85 73 55
86 73 55
87 73 55
88 73 45
89 73 0
90 73 0
91 73 0
92 73 0
0 74 0
1 74 0
2 74 0
3 74 0
4 74 0
5 74 0
6 74 0
7 74 0
8 74 45
9 74 45
10 74 45
11 74 45
12 74 45
13 74 48
14 74 54
15 74 54
16 74 54
17 74 54
18 74 54
19 74 75
20 74 75
21 74 75
22 74 75
23 74 75
24 74 75
25 74 75
26 74 75
27 74 75
28 74 75
29 74 75
30 74 75
31 74 75
32 74 75
33 74 78
34 74 78
35 74 87
36 74 87
37 74 87
38 74 97
39 74 97
40 74 97
41 74 97
42 74 97
43 74 97
44 74 97
45 74 97
46 74 97
47 74 97
48 74 97
49 74 97
50 74 97
51 74 97
52 74 97
53 74 97
54 74 97
55 74 97
56 74 97
57 74 97
58 74 97
59 74 97
60 74 97
61 74 97
62 74 97
63 74 97
64 74 83
65 74 73
66 74 73
67 74 73
68 74 71
69 74 71
70 74 71
71 74 71
72 74 71
73 74 71
74 74 71
75 74 71
76 74 71
77 74 71
78 74 71
79 74 71
80 74 71
81 74 71
82 74 71
83 74 71
84 74 71
85 74 55
86 74 55
87 74 55
88 74 45
89 74 0
90 74 0
91 74 0
92 74 0
0 75 0
1 75 0
2 75 0
3 75 0
4 75 0
5 75 0
6 75 0
7 75 0
8 75 45
9 75 45
10 75 45
11 75 45
12 75 45
13 75 48
14 75 54
15 75 54
16 75 54
17 75 54
18 75 54
19 75 75
20 75 75
21 75 75
22 75 75
23 75 75
24 75 75
25 75 75
26 75 75
27 75 75
28 75 75
29 75 75
30 75 75
31 75 75
32 75 75
33 75 78
34 75 78
35 75 87
36 75 87
37 75 87
38 75 97
39 75 97
40 75 97
41 75 97
42 75 97
43 75 97
44 75 97
45 75 97
46 75 97
47 75 97
48 75 97
49 75 97
50 75 97
51 75 97
52 75 97
53 75 97
54 75 97
55 75 97
56 75 97
57 75 97
58 75 97
59 75 97
60 75 97
61 75 97
62 75 97
63 75 97
64 75 83
65 75 73
66 75 73
67 75 73
68 75 71
69 75 71
70 75 71
71 75 71
72 75 71
73 75 71
74 75 71
75 75 71
76 75 71
77 75 71
78 75 71
79 75 71
80 75 71
81 75 71
82 75 71
83 75 71
84 75 71
85 75 55
86 75 55
87 75 55
88 75 45
89 75 0
90 75 0
91 75 0
92 75 0
0 76 0
1 76 0
2 76 0
3 76 0
4 76 0
5 76 0
6 76 0
7 76 0
8 76 45
9 76 45
10 76 45
11 76 45
12 76 45
13 76 48
14 76 54
15 76 54
16 76 54
17 76 54
18 76 54
19 76 75
20 76 75
21 76 75
22 76 75
23 76 75
24 76 75
25 76 75
26 76 75
27 76 75
28 76 75
29 76 75
30 76 75
31 76 75
32 76 75
33 76 78
34 76 78
35 76 87
36 76 87
37 76 87
38 76 97
39 76 97
40 76 97
41 76 97
42 76 97
43 76 97
44 76 97
45 76 97
46 76 97
47 76 97
48 76 97
49 76 97
50 76 97
51 76 97
52 76 97
53 76 97
54 76 97
55 76 97
56 76 97
57 76 97
58 76 97
59 76 97
60 76 97
61 76 97
62 76 97
63 76 97
64 76 83
65 76 73
66 76 73
67 76 73
68 76 71
69 76 71
70 76 71
71 76 71
72 76 71
73 76 71
74 76 71
75 76 71
76 76 71
77 76 71
78 76 71
79 76 71
80 76 71
81 76 71
82 76 71
83 76 71
84 76 71
85 76 55
86 76 55
87 76 55
88 76 45
89 76 0
90 76 0
91 76 0
92 76 0
0 77 0
1 77 0
2 77 0
3 77 0
4 77 0
5 77 0
6 77 0
7 77 0
8 77 45
9 77 45
10 77 45
11 77 45
12 77 45
13 77 48
14 77 54
15 77 54
16 77 54
17 77 54
18 77 54
19 77 75
20 77 75
21 77 75
22 77 75
23 77 75
24 77 75
25 77 75
26 77 75
27 77 75
28 77 75
29 77 75
30 77 75
31 77 75
32 77 75
33 77 78
34 77 78
35 77 87
36 77 87
37 77 87
38 77 97
39 77 97
40 77 97
41 77 97
42 77 97
43 77 97
44 77 97
45 77 97
46 77 97
47 77 97
48 77 97
49 77 97
50 77 97
51 77 97
52 77 97
53 77 97
54 77 97
55 77 97
56 77 97
57 77 97
58 77 97
59 77 97
60 77 97
61 77 97
62 77 97
63 77 97
64 77 83
65 77 73
66 77 73
67 77 73
68 77 71
69 77 71
70 77 71
71 77 71
72 77 71
73 77 71
74 77 71
75 77 71
76 77 71
77 77 71
78 77 71
79 77 71
80 77 71
81 77 71
82 77 71
83 77 71
84 77 71
85 77 55
86 77 55
87 77 55
88 77 45
89 77 0
90 77 0
91 77 0
92 77 0
0 78 0
1 78 0
2 78 0
3 78 0
4 78 0
5 78 0
6 78 0
7 78 0
8 78 45
9 78 45
10 78 45
11 78 45
12 78 45
13 78 48
14 78 54
15 78 54
16 78 54
17 78 54
18 78 54
19 78 54
20 78 61
21 78 61
22 78 61
23 78 61
24 78 61
25 78 61
26 78 61
27 78 61
28 78 61
29 78 61
30 78 61
31 78 61
32 78 61
33 78 64
34 78 64
35 78 73
36 78 73
37 78 73
38 78 83
39 78 83
40 78 83
41 78 83
42 78 83
43 78 83
44 78 83
45 78 83
46 78 83
47 78 83
48 78 83
49 78 83
50 78 83
51 78 83
52 78 83
53 78 83
54 78 83
55 78 83
56 78 83
57 78 83
58 78 83
59 78 83
60 78 83
61 78 83
62 78 83
63 78 83
64 78 83
65 78 73
66 78 73
67 78 73
68 78 71
69 78 71
70 78 71
71 78 71
72 78 71
73 78 71
74 78 71
75 78 71
76 78 71
77 78 71
78 78 71
79 78 71
80 78 71
81 78 71
82 78 71
83 78 71
84 78 71
85 78 55
86 78 55
87 78 55
88 78 45
89 78 0
90 78 0
91 78 0
92 78 0
0 79 0
1 79 0
2 79 0
3 79 0
4 79 0
5 79 0
6 79 0
7 79 0
8 79 45
9 79 45
10 79 45
11 79 45
12 79 45
13 79 48
14 79 54
15 79 54
16 79 54
17 79 54
18 79 54
19 79 54
20 79 54
21 79 54
22 79 54
23 79 54
24 79 54
25 79 54
26 79 54
27 79 54
28 79 54
29 79 54
30 79 54
31 79 54
32 79 54
33 79 57
34 79 57
35 79 66
36 79 66
37 79 66
38 79 66
39 79 66
40 79 66
41 79 66
42 79 66
43 79 66
44 79 66
45 79 66
46 79 66
47 79 66
48 79 66
49 79 66
50 79 66
51 79 66
52 79 66
53 79 66
54 79 66
55 79 66
56 79 66
57 79 63
58 79 63
59 79 63
60 79 63
61 79 63
62 79 63
63 79 63
64 79 63
65 79 63
66 79 63
67 79 63
68 79 61
69 79 61
70 79 61
71 79 61
72 79 61
73 79 61
74 79 61
75 79 61
76 79 61
77 79 61
78 79 61
79 79 61
80 79 61
81 79 61
82 79 61
83 79 61
84 79 61
85 79 45
86 79 45
87 79 45
88 79 45
89 79 0
90 79 0
91 79 0
92 79 0
0 80 0
1 80 0
2 80 0
3 80 0
4 80 0
5 80 0
6 80 0
7 80 0
8 80 45
9 80 45
10 80 45
11 80 45
12 80 45
13 80 45
14 80 45
15 80 45
16 80 45
17 80 45
18 80 45
19 80 45
20 80 45
21 80 45
22 80 45
23 80 45
24 80 45
25 80 45
26 80 45
27 80 45
28 80 45
29 80 45
30 80 45
31 80 45
32 80 45
33 80 57
34 80 57
35 80 66
36 80 66
37 80 66
38 80 66
39 80 66
40 80 66
41 80 66
42 80 66
43 80 66
44 80 66
45 80 66
46 80 66
47 80 66
48 80 66
49 80 66
50 80 66
51 80 66
52 80 66
53 80 66
54 80 66
55 80 66
56 80 66
57 80 61
58 80 61
59 80 61
60 80 61
61 80 61
62 80 61
63 80 61
64 80 61
65 80 61
66 80 61
67 80 61
68 80 61
69 80 61
70 80 61
71 80 61
72 80 61
73 80 61
74 80 61
75 80 61
76 80 61
77 80 61
78 80 61
79 80 61
80 80 61
81 80 61
82 80 61
83 80 61
84 80 61
85 80 45
86 80 45
87 80 45
88 80 45
89 80 0
90 80 0
91 80 0
92 80 0
0 81 0
1 81 0
2 81 0
3 81 0
4 81 0
5 81 0
6 81 0
7 81 0
8 81 45
9 81 45
10 81 45
11 81 45
12 81 45
13 81 45
14 81 45
15 81 45
16 81 45
17 81 45
18 81 45
19 81 45
20 81 45
21 81 45
22 81 45
23 81 45
24 81 45
25 81 45
26 81 45
27 81 45
28 81 45
29 81 45
30 81 45
31 81 45
32 81 45
33 81 57
34 81 57
35 81 66
36 81 66
37 81 66
38 81 66
39 81 66
40 81 66
41 81 66
42 81 66
43 81 66
44 81 66
45 81 66
46 81 66
47 81 66
48 81 66
49 81 66
50 81 66
51 81 66
52 81 66
53 81 66
54 81 66
55 81 66
56 81 66
57 81 61
58 81 61
59 81 61
60 81 61
61 81 61
62 81 61
63 81 61
64 81 61
65 81 61
66 81 61
67 81 61
68 81 61
69 81 61
70 81 61
71 81 61
72 81 61
73 81 61
74 81 61
75 81 61
76 81 61
77 81 61
78 81 61
79 81 61
80 81 61
81 81 61
82 81 61
83 81 61
84 81 61
85 81 45
86 81 45
87 81 45
88 81 45
89 81 0
90 81 0
91 81 0
92 81 0
0 82 0
1 82 0
2 82 0
3 82 0
4 82 0
5 82 0
6 82 0
7 82 0
8 82 45
9 82 45
10 82 45
11 82 45
12 82 45
13 82 45
14 82 45
15 82 45
16 82 45
17 82 45
18 82 45
19 82 45
20 82 45
21 82 45
22 82 45
23 82 45
24 82 45
25 82 45
26 82 45
27 82 45
28 82 45
29 82 45
30 82 45
31 82 45
32 82 45
33 82 57
34 82 57
35 82 66
36 82 66
37 82 66
38 82 66
39 82 66
40 82 66
41 82 66
42 82 66
43 82 66
44 82 66
45 82 66
46 82 66
47 82 66
48 82 66
49 82 66
50 82 66
51 82 66
52 82 66
53 82 66
54 82 66
55 82 66
56 82 66
57 82 61
58 82 61
59 82 61
60 82 61
61 82 61
62 82 61
63 82 61
64 82 61
65 82 61
66 82 61
67 82 61
68 82 61
69 82 61
70 82 61
71 82 61
72 82 61
73 82 61
74 82 61
75 82 61
76 82 61
77 82 61
78 82 61
79 82 61
80 82 61
81 82 61
82 82 61
83 82 61
84 82 61
85 82 45
86 82 45
87 82 45
88 82 45
89 82 0
90 82 0
91 82 0
92 82 0
0 83 0
1 83 0
2 83 0
3 83 0
4 83 0
5 83 0
6 83 0
7 83 0
8 83 45
9 83 45
10 83 45
11 83 45
12 83 45
13 83 45
14 83 45
15 83 45
16 83 45
17 83 45
18 83 45
19 83 45
20 83 45
21 83 45
22 83 45
23 83 45
24 83 45
25 83 45
26 83 45
27 83 45
28 83 45
29 83 45
30 83 45
31 83 45
32 83 45
33 83 57
34 83 57
35 83 66
36 83 66
37 83 66
38 83 66
39 83 66
40 83 66
41 83 66
42 83 66
43 83 66
44 83 66
45 83 66
46 83 66
47 83 66
48 83 66
49 83 66
50 83 66
51 83 66
52 83 66
53 83 66
54 83 66
55 83 66
56 83 66
57 83 61
58 83 61
59 83 61
60 83 61
61 83 61
62 83 61
63 83 61
64 83 61
65 83 61
66 83 61
67 83 61
68 83 61
69 83 61
70 83 61
71 83 61
72 83 61
73 83 61
74 83 61
75 83 61
76 83 61
77 83 61
78 83 61
79 83 61
80 83 61
81 83 61
82 83 61
83 83 61
84 83 61
85 83 45
86 83 45
87 83 45
88 83 45
89 83 0
90 83 0
91 83 0
92 83 0
0 84 0
1 84 0
2 84 0
3 84 0
4 84 0
5 84 0
6 84 0
7 84 0
8 84 45
9 84 45
10 84 45
11 84 45
12 84 45
13 84 45
14 84 45
15 84 45
16 84 45
17 84 45
18 84 45
19 84 45
20 84 45
21 84 45
22 84 45
23 84 45
24 84 45
25 84 45
26 84 45
27 84 45
28 84 45
29 84 45
30 84 45
31 84 45
32 84 45
33 84 57
34 84 57
35 84 66
36 84 66
37 84 66
38 84 66
39 84 66
40 84 66
41 84 66
42 84 66
43 84 66
44 84 66
45 84 66
46 84 66
47 84 66
48 84 66
49 84 66
50 84 66
51 84 66
52 84 66
53 84 66
54 84 66
55 84 66
56 84 66
57 84 61
58 84 61
59 84 61
60 84 61
61 84 61
62 84 61
63 84 61
64 84 61
65 84 61
66 84 61
67 84 61
68 84 61
69 84 61
70 84 61
71 84 61
72 84 61
73 84 61
74 84 61
75 84 61
76 84 61
77 84 61
78 84 61
79 84 61
80 84 61
81 84 61
82 84 61
83 84 61
84 84 61
85 84 45
86 84 45
87 84 45
88 84 45
89 84 0
90 84 0
91 84 0
92 84 0
0 85 0
1 85 0
2 85 0
3 85 0
4 85 0
5 85 0
6 85 0
7 85 0
8 85 45
9 85 45
10 85 45
11 85 45
12 85 45
13 85 45
14 85 45
15 85 45
16 85 45
17 85 45
18 85 45
19 85 45
20 85 45
21 85 45
22 85 45
23 85 45
24 85 45
25 85 45
26 85 45
27 85 45
28 85 45
29 85 45
30 85 45
31 85 45
32 85 45
33 85 45
34 85 45
35 85 66
36 85 66
37 85 66
38 85 66
39 85 66
40 85 66
41 85 66
42 85 66
43 85 66
44 85 66
45 85 66
46 85 66
47 85 66
48 85 66
49 85 66
50 85 66
51 85 66
52 85 66
53 85 66
54 85 66
55 85 66
56 85 66
57 85 45
58 85 45
59 85 45
60 85 45
61 85 45
62 85 45
63 85 45
64 85 45
65 85 45
66 85 45
67 85 45
68 85 45
69 85 45
70 85 45
71 85 45
72 85 45
73 85 45
74 85 45
75 85 45
76 85 45
77 85 45
78 85 45
79 85 45
80 85 45
81 85 45
82 85 45
83 85 45
84 85 45
85 85 45
86 85 45
87 85 45
88 85 45
89 85 0
90 85 0
91 85 0
92 85 0
0 86 0
1 86 0
2 86 0
3 86 0
4 86 0
5 86 0
6 86 0
7 86 0
8 86 45
9 86 45
10 86 45
11 86 45
12 86 45
13 86 45
14 86 45
15 86 45
16 86 45
17 86 45
18 86 45
19 86 45
20 86 45
21 86 45
22 86 45
23 86 45
24 86 45
25 86 45
26 86 45
27 86 45
28 86 45
29 86 45
30 86 45
31 86 45
32 86 45
33 86 45
34 86 45
35 86 66
36 86 66
37 86 66
38 86 66
39 86 66
40 86 66
41 86 66
42 86 66
43 86 66
44 86 66
45 86 66
46 86 66
47 86 66
48 86 66
49 86 66
50 86 66
51 86 66
52 86 66
53 86 66
54 86 66
55 86 66
56 86 66
57 86 45
58 86 45
59 86 45
60 86 45
61 86 45
62 86 45
63 86 45
64 86 45
65 86 45
66 86 45
67 86 45
68 86 45
69 86 45
70 86 45
71 86 45
72 86 45
73 86 45
74 86 45
75 86 45
76 86 45
77 86 45
78 86 45
79 86 45
80 86 45
81 86 45
82 86 45
83 86 45
84 86 45
85 86 45
86 86 45
87 86 45
88 86 45
89 86 0
90 86 0
91 86 0
92 86 0
0 87 0
1 87 0
2 87 0
3 87 0
4 87 0
5 87 0
6 87 0
7 87 0
8 87 45
9 87 45
10 87 45
11 87 45
12 87 45
13 87 45
14 87 45
15 87 45
16 87 45
17 87 45
18 87 45
19 87 45
20 87 45
21 87 45
22 87 45
23 87 45
24 87 45
25 87 45
26 87 45
27 87 45
28 87 45
29 87 45
30 87 45
31 87 45
32 87 45
33 87 45
34 87 45
35 87 66
36 87 66
37 87 66
38 87 66
39 87 66
40 87 66
41 87 66
42 87 66
43 87 66
44 87 66
45 87 66
46 87 66
47 87 66
48 87 66
49 87 66
50 87 66
51 87 66
52 87 66
53 87 66
54 87 66
55 87 66
56 87 66
57 87 45
58 87 45
59 87 45
60 87 45
61 87 45
62 87 45
63 87 45
64 87 45
65 87 45
66 87 45
67 87 45
68 87 45
69 87 45
70 87 45
71 87 45
72 87 45
73 87 45
74 87 45
75 87 45
76 87 45
77 87 45
78 87 45
79 87 45
80 87 45
81 87 45
82 87 45
83 87 45
84 87 45
85 87 45
86 87 45
87 87 45
88 87 45
89 87 0
90 87 0
91 87 0
92 87 0
0 88 0
1 88 0
2 88 0
3 88 0
4 88 0
5 88 0
6 88 0
7 88 0
8 88 45
9 88 45
10 88 45
11 88 45
12 88 45
13 88 45
14 88 45
15 88 45
16 88 45
17 88 45
18 88 45
19 88 45
20 88 45
21 88 45
22 88 45
23 88 45
24 88 45
25 88 45
26 88 45
27 88 45
28 88 45
29 88 45
30 88 45
31 88 45
32 88 45
33 88 45
34 88 45
35 88 66
36 88 66
37 88 66
38 88 66
39 88 66
40 88 66
41 88 66
42 88 66
43 88 66
44 88 66
45 88 66
46 88 66
47 88 66
48 88 66
49 88 66
50 88 66
51 88 66
52 88 66
53 88 66
54 88 66
55 88 66
56 88 66
57 88 45
58 88 45
59 88 45
60 88 45
61 88 45
62 88 45
63 88 45
64 88 45
65 88 45
66 88 45
67 88 45
68 88 45
69 88 45
70 88 45
71 88 45
72 88 45
73 88 45
74 88 45
75 88 45
76 88 45
77 88 45
78 88 45
79 88 45
80 88 45
81 88 45
82 88 45
83 88 45
84 88 45
85 88 45
86 88 45
87 88 45
88 88 45
89 88 0
90 88 0
91 88 0
92 88 0
0 89 0
1 89 0
2 89 0
3 89 0
4 89 0
5 89 0
6 89 0
7 89 0
8 89 45
9 89 45
10 89 45
11 89 45
12 89 45
13 89 45
14 89 45
15 89 45
16 89 45
17 89 45
18 89 45
19 89 45
20 89 45
21 89 45
22 89 45
23 89 45
24 89 45
25 89 45
26 89 45
27 89 45
28 89 45
29 89 45
30 89 45
31 89 45
32 89 45
33 89 45
34 89 45
35 89 66
36 89 66
37 89 66
38 89 66
39 89 66
40 89 66
41 89 66
42 89 66
43 89 66
44 89 66
45 89 66
46 89 66
47 89 66
48 89 66
49 89 66
50 89 66
51 89 66
52 89 66
53 89 66
54 89 66
55 89 66
56 89 66
57 89 45
58 89 45
59 89 45
60 89 45
61 89 45
62 89 45
63 89 45
64 89 45
65 89 45
66 89 45
67 89 45
68 89 45
69 89 45
70 89 45
71 89 45
72 89 45
73 89 45
74 89 45
75 89 45
76 89 45
77 89 45
78 89 45
79 89 45
80 89 45
81 89 45
82 89 45
83 89 45
84 89 45
85 89 45
86 89 45
87 89 45
88 89 45
89 89 0
90 89 0
91 89 0
92 89 0
0 90 0
1 90 0
2 90 0
3 90 0
4 90 0
5 90 0
6 90 0
7 90 0
8 90 45
9 90 45
10 90 45
11 90 45
12 90 45
13 90 45
14 90 45
15 90 45
16 90 45
17 90 45
18 90 45
19 90 45
20 90 45
21 90 45
22 90 45
23 90 45
24 90 45
25 90 45
26 90 45
27 90 45
28 90 45
29 90 45
30 90 45
31 90 45
32 90 45
33 90 45
34 90 45
35 90 66
36 90 66
37 90 66
38 90 66
39 90 66
40 90 66
41 90 66
42 90 66
43 90 66
44 90 66
45 90 66
46 90 66
47 90 66
48 90 66
49 90 66
50 90 66
51 90 66
52 90 66
53 90 66
54 90 66
55 90 66
56 90 66
57 90 45
58 90 45
59 90 45
60 90 45
61 90 45
62 90 45
63 90 45
64 90 45
65 90 45
66 90 45
67 90 45
68 90 45
69 90 45
70 90 45
71 90 45
72 90 45
73 90 45
74 90 45
75 90 45
76 90 45
77 90 45
78 90 45
79 90 45
80 90 45
81 90 45
82 90 45
83 90 45
84 90 45
85 90 45
86 90 45
87 90 45
88 90 45
89 90 0
90 90 0
91 90 0
92 90 0
0 91 0
1 91 0
2 91 0
3 91 0
4 91 0
5 91 0
6 91 0
7 91 0
8 91 45
9 91 45
10 91 45
11 91 45
12 91 45
13 91 45
14 91 45
15 91 45
16 91 45
17 91 45
18 91 45
19 91 45
20 91 45
21 91 45
22 91 45
23 91 45
24 91 45
25 91 45
26 91 45
27 91 45
28 91 45
29 91 45
30 91 45
31 91 45
32 91 45
33 91 45
34 91 45
35 91 66
36 91 66
37 91 66
38 91 66
39 91 66
40 91 66
41 91 66
42 91 66
43 91 66
44 91 66
45 91 66
46 91 66
47 91 66
48 91 66
49 91 66
50 91 66
51 91 66
52 91 66
53 91 66
54 91 66
55 91 66
56 91 66
57 91 45
58 91 45
59 91 45
60 91 45
61 91 45
62 91 45
63 91 45
64 91 45
65 91 45
66 91 45
67 91 45
68 91 45
69 91 45
70 91 45
71 91 45
72 91 45
73 91 45
74 91 45
75 91 45
76 91 45
77 91 45
78 91 45
79 91 45
80 91 45
81 91 45
82 91 45
83 91 45
84 91 45
85 91 45
86 91 45
87 91 45
88 91 45
89 91 0
90 91 0
91 91 0
92 91 0
0 92 0
1 92 0
2 92 0
3 92 0
4 92 0
5 92 0
6 92 0
7 92 0
8 92 45
9 92 45
10 92 45
11 92 45
12 92 45
13 92 45
14 92 45
15 92 45
16 92 45
17 92 45
18 92 45
19 92 45
20 92 45
21 92 45
22 92 45
23 92 45
24 92 45
25 92 45
26 92 45
27 92 45
28 92 45
29 92 45
30 92 45
31 92 45
32 92 45
33 92 45
34 92 45
35 92 66
36 92 66
37 92 66
38 92 66
39 92 66
40 92 66
41 92 66
42 92 66
43 92 66
44 92 66
45 92 66
46 92 66
47 92 66
48 92 66
49 92 66
50 92 66
51 92 66
52 92 66
53 92 66
54 92 66
55 92 66
56 92 66
57 92 45
58 92 45
59 92 45
60 92 45
61 92 45
62 92 45
63 92 45
64 92 45
65 92 45
66 92 45
67 92 45
68 92 45
69 92 45
70 92 45
71 92 45
72 92 45
73 92 45
74 92 45
75 92 45
76 92 45
77 92 45
78 92 45
79 92 45
80 92 45
81 92 45
82 92 45
83 92 45
84 92 45
85 92 45
86 92 45
87 92 45
88 92 45
89 92 0
90 92 0
91 92 0
92 92 0
0 93 0
1 93 0
2 93 0
3 93 0
4 93 0
5 93 0
6 93 0
7 93 0
8 93 45
9 93 45
10 93 45
11 93 45
12 93 45
13 93 45
14 93 45
15 93 45
16 93 45
17 93 45
18 93 45
19 93 45
20 93 45
21 93 45
22 93 45
23 93 45
24 93 45
25 93 45
26 93 45
27 93 45
28 93 45
29 93 45
30 93 45
31 93 45
32 93 45
33 93 45
34 93 45
35 93 66
36 93 66
37 93 66
38 93 66
39 93 66
40 93 66
41 93 66
42 93 66
43 93 66
44 93 66
45 93 66
46 93 66
47 93 66
48 93 66
49 93 66
50 93 66
51 93 66
52 93 66
53 93 66
54 93 66
55 93 66
56 93 66
57 93 45
58 93 45
59 93 45
60 93 45
61 93 45
62 93 45
63 93 45
64 93 45
65 93 45
66 93 45
67 93 45
68 93 45
69 93 45
70 93 45
71 93 45
72 93 45
73 93 45
74 93 45
75 93 45
76 93 45
77 93 45
78 93 45
79 93 45
80 93 45
81 93 45
82 93 45
83 93 45
84 93 45
85 93 45
86 93 45
87 93 45
88 93 45
89 93 0
90 93 0
91 93 0
92 93 0
0 94 0
1 94 0
2 94 0
3 94 0
4 94 0
5 94 0
6 94 0
7 94 0
8 94 45
9 94 45
10 94 45
11 94 45
12 94 45
13 94 45
14 94 45
15 94 45
16 94 45
17 94 45
18 94 45
19 94 45
20 94 45
21 94 45
22 94 45
23 94 45
24 94 45
25 94 45
26 94 45
27 94 45
28 94 45
29 94 45
30 94 45
31 94 45
32 94 45
33 94 45
34 94 45
35 94 66
36 94 66
37 94 66
38 94 66
39 94 66
40 94 66
41 94 66
42 94 66
43 94 66
44 94 66
45 94 66
46 94 66
47 94 66
48 94 66
49 94 66
50 94 66
51 94 66
52 94 66
53 94 66
54 94 66
55 94 66
56 94 66
57 94 45
58 94 45
59 94 45
60 94 45
61 94 45
62 94 45
63 94 45
64 94 45
65 94 45
66 94 45
67 94 45
68 94 45
69 94 45
70 94 45
71 94 45
72 94 45
73 94 45
74 94 45
75 94 45
76 94 45
77 94 45
78 94 45
79 94 45
80 94 45
81 94 45
82 94 45
83 94 45
84 94 45
85 94 45
86 94 45
87 94 45
88 94 45
89 94 0
90 94 0
91 94 0
92 94 0
0 95 0
1 95 0
2 95 0
3 95 0
4 95 0
5 95 0
6 95 0
7 95 0
8 95 45
9 95 45
10 95 45
11 95 45
12 95 45
13 95 45
14 95 45
15 95 45
16 95 45
17 95 45
18 95 45
19 95 45
20 95 45
21 95 45
22 95 45
23 95 45
24 95 45
25 95 45
26 95 45
27 95 45
28 95 45
29 95 45
30 95 45
31 95 45
32 95 45
33 95 45
34 95 45
35 95 45
36 95 45
37 95 45
38 95 45
39 95 45
40 95 45
41 95 45
42 95 45
43 95 45
44 95 45
45 95 45
46 95 45
47 95 45
48 95 45
49 95 45
50 95 45
51 95 45
52 95 45
53 95 45
54 95 45
55 95 45
56 95 45
57 95 0
58 95 0
59 95 0
60 95 0
61 95 0
62 95 0
63 95 0
64 95 0
65 95 0
66 95 0
67 95 0
68 95 0
69 95 0
70 95 0
71 95 0
72 95 0
73 95 0
74 95 0
75 95 0
76 95 0
77 95 0
78 95 0
79 95 0
80 95 0
81 95 0
82 95 0
83 95 0
84 95 0
85 95 0
86 95 0
87 95 0
88 95 0
89 95 0
90 95 0
91 95 0
92 95 0
0 96 0
1 96 0
2 96 0
3 96 0
4 96 0
5 96 0
6 96 0
7 96 0
8 96 45
9 96 45
10 96 45
11 96 45
12 96 45
13 96 45
14 96 45
15 96 45
16 96 45
17 96 45
18 96 45
19 96 45
20 96 45
21 96 45
22 96 45
23 96 45
24 96 45
25 96 45
26 96 45
27 96 45
28 96 45
29 96 45
30 96 45
31 96 45
32 96 45
33 96 45
34 96 45
35 96 45
36 96 45
37 96 45
38 96 45
39 96 45
40 96 45
41 96 45
42 96 45
43 96 45
44 96 45
45 96 45
46 96 45
47 96 45
48 96 45
49 96 45
50 96 45
51 96 45
52 96 45
53 96 45
54 96 45
55 96 45
56 96 45
57 96 0
58 96 0
59 96 0
60 96 0
61 96 0
62 96 0
63 96 0
64 96 0
65 96 0
66 96 0
67 96 0
68 96 0
69 96 0
70 96 0
71 96 0
72 96 0
73 96 0
74 96 0
75 96 0
76 96 0
77 96 0
78 96 0
79 96 0
80 96 0
81 96 0
82 96 0
83 96 0
84 96 0
85 96 0
86 96 0
87 96 0
88 96 0
89 96 0
90 96 0
91 96 0
92 96 0
0 97 0
1 97 0
2 97 0
3 97 0
4 97 0
5 97 0
6 97 0
7 97 0
8 97 0
9 97 0
10 97 0
11 97 0
12 97 0
13 97 0
14 97 0
15 97 0
16 97 0
17 97 0
18 97 0
19 97 0
20 97 0
21 97 0
22 97 0
23 97 0
24 97 0
25 97 0
26 97 0
27 97 0
28 97 0
29 97 0
30 97 0
31 97 0
32 97 0
33 97 0
34 97 0
35 97 0
36 97 0
37 97 0
38 97 0
39 97 0
40 97 0
41 97 0
42 97 0
43 97 0
44 97 0
45 97 0
46 97 0
47 97 0
48 97 0
49 97 0
50 97 0
51 97 0
52 97 0
53 97 0
54 97 0
55 97 0
56 97 0
57 97 0
58 97 0
59 97 0
60 97 0
61 97 0
62 97 0
63 97 0
64 97 0
65 97 0
66 97 0
67 97 0
68 97 0
69 97 0
70 97 0
71 97 0
72 97 0
73 97 0
74 97 0
75 97 0
76 97 0
77 97 0
78 97 0
79 97 0
80 97 0
81 97 0
82 97 0
83 97 0
84 97 0
85 97 0
86 97 0
87 97 0
88 97 0
89 97 0
90 97 0
91 97 0
92 97 0
590784
