0 0 0
1 0 0
2 0 0
3 0 0
4 0 0
5 0 0
6 0 0
7 0 0
8 0 0
9 0 0
10 0 0
11 0 0
12 0 0
13 0 0
14 0 0
15 0 0
16 0 0
17 0 0
18 0 0
19 0 0
20 0 0
21 0 0
22 0 0
23 0 0
24 0 0
25 0 0
26 0 0
27 0 0
28 0 0
29 0 0
30 0 0
31 0 0
32 0 0
33 0 0
34 0 0
35 0 54
36 0 54
37 0 54
38 0 54
39 0 54
40 0 54
41 0 54
42 0 54
43 0 54
44 0 54
45 0 54
46 0 54
47 0 102
48 0 102
49 0 102
50 0 102
51 0 102
52 0 102
53 0 102
54 0 102
55 0 102
56 0 102
57 0 102
58 0 102
59 0 102
60 0 102
61 0 102
62 0 102
63 0 102
64 0 102
65 0 102
66 0 102
67 0 102
68 0 102
69 0 102
70 0 102
71 0 102
72 0 102
73 0 102
74 0 102
75 0 102
76 0 102
77 0 102
78 0 102
79 0 102
80 0 102
81 0 102
82 0 102
83 0 102
84 0 102
85 0 102
86 0 102
87 0 102
88 0 48
89 0 48
90 0 48
91 0 48
92 0 0
0 1 0
1 1 0
2 1 0
3 1 0
4 1 0
5 1 0
6 1 0
7 1 0
8 1 0
9 1 0
10 1 0
11 1 0
12 1 0
13 1 0
14 1 0
15 1 0
16 1 0
17 1 0
18 1 0
19 1 0
20 1 0
21 1 0
22 1 0
23 1 0
24 1 0
25 1 0
26 1 0
27 1 0
28 1 0
29 1 0
30 1 0
31 1 0
32 1 0
33 1 0
34 1 0
35 1 54
36 1 54
37 1 54
38 1 54
39 1 54
40 1 54
41 1 54
42 1 54
43 1 54
44 1 54
45 1 54
46 1 54
47 1 102
48 1 102
49 1 102
50 1 102
51 1 102
52 1 102
53 1 102
54 1 102
55 1 102
56 1 102
57 1 102
58 1 102
59 1 102
60 1 102
61 1 102
62 1 102
63 1 102
64 1 102
65 1 102
66 1 102
67 1 102
68 1 102
69 1 102
70 1 102
71 1 102
72 1 102
73 1 102
74 1 102
75 1 102
76 1 102
77 1 102
78 1 102
79 1 102
80 1 102
81 1 102
82 1 102
83 1 102
84 1 102
85 1 102
86 1 102
87 1 102
88 1 48
89 1 48
90 1 48
91 1 48
92 1 0
0 2 0
1 2 0
2 2 0
3 2 0
4 2 0
5 2 0
6 2 0
7 2 0
8 2 0
9 2 0
10 2 0
11 2 0
12 2 0
13 2 0
14 2 0
15 2 0
16 2 0
17 2 0
18 2 0
19 2 0
20 2 0
21 2 0
22 2 0
23 2 0
24 2 0
25 2 0
26 2 0
27 2 0
28 2 0
29 2 0
30 2 0
31 2 0
32 2 0
33 2 0
34 2 0
35 2 54
36 2 54
37 2 54
38 2 54
39 2 54
40 2 54
41 2 54
42 2 54
43 2 54
44 2 54
45 2 54
46 2 54
47 2 102
48 2 102
49 2 102
50 2 102
51 2 102
52 2 102
53 2 102
54 2 102
55 2 102
56 2 102
57 2 102
58 2 102
59 2 102
60 2 102
61 2 102
62 2 102
63 2 102
64 2 102
65 2 102
66 2 102
67 2 102
68 2 102
69 2 102
70 2 102
71 2 102
72 2 102
73 2 102
74 2 102
75 2 102
76 2 102
77 2 102
78 2 102
79 2 102
80 2 102
81 2 102
82 2 102
83 2 102
84 2 102
85 2 102
86 2 102
87 2 102
88 2 48
89 2 48
90 2 48
91 2 48
92 2 0
0 3 52
1 3 52
2 3 52
3 3 52
4 3 52
5 3 99
6 3 99
7 3 99
8 3 99
9 3 99
10 3 99
11 3 99
12 3 99
13 3 99
14 3 99
15 3 99
16 3 99
17 3 99
18 3 99
19 3 99
20 3 99
21 3 99
22 3 99
23 3 99
24 3 99
25 3 99
26 3 99
27 3 99
28 3 99
29 3 99
30 3 99
31 3 99
32 3 99
33 3 99
34 3 99
35 3 101
36 3 101
37 3 101
38 3 101
39 3 101
40 3 101
41 3 101
42 3 101
43 3 101
44 3 101
45 3 101
46 3 101
47 3 101
48 3 101
49 3 101
50 3 101
51 3 101
52 3 101
53 3 101
54 3 101
55 3 101
56 3 101
57 3 101
58 3 101
59 3 102
60 3 102
61 3 102
62 3 102
63 3 102
64 3 102
65 3 102
66 3 102
67 3 87
68 3 87
69 3 87
70 3 87
71 3 87
72 3 87
73 3 87
74 3 87
75 3 87
76 3 87
77 3 87
78 3 87
79 3 87
80 3 87
81 3 87
82 3 87
83 3 102
84 3 102
85 3 102
86 3 102
87 3 102
88 3 48
89 3 48
90 3 48
91 3 48
92 3 0
0 4 52
1 4 52
2 4 52
3 4 52
4 4 52
5 4 99
6 4 99
7 4 99
8 4 99
9 4 99
10 4 99
11 4 99
12 4 99
13 4 99
14 4 99
15 4 99
16 4 99
17 4 99
18 4 99
19 4 99
20 4 99
21 4 99
22 4 99
23 4 99
24 4 99
25 4 99
26 4 99
27 4 99
28 4 99
29 4 99
30 4 99
31 4 99
32 4 99
33 4 99
34 4 99
35 4 101
36 4 101
37 4 101
38 4 101
39 4 101
40 4 101
41 4 101
42 4 101
43 4 101
44 4 101
45 4 101
46 4 101
47 4 101
48 4 101
49 4 101
50 4 101
51 4 101
52 4 101
53 4 101
54 4 101
55 4 101
56 4 101
57 4 101
58 4 101
59 4 102
60 4 102
61 4 102
62 4 102
63 4 102
64 4 102
65 4 102
66 4 102
67 4 87
68 4 87
69 4 87
70 4 87
71 4 87
72 4 87
73 4 87
74 4 87
75 4 87
76 4 87
77 4 87
78 4 87
79 4 87
80 4 87
81 4 87
82 4 87
83 4 102
84 4 102
85 4 102
86 4 102
87 4 102
88 4 48
89 4 48
90 4 48
91 4 48
92 4 0
0 5 52
1 5 52
2 5 52
3 5 52
4 5 52
5 5 99
6 5 99
7 5 99
8 5 99
9 5 99
10 5 99
11 5 99
12 5 99
13 5 99
14 5 99
15 5 99
16 5 99
17 5 99
18 5 99
19 5 99
20 5 99
21 5 99
22 5 99
23 5 99
24 5 99
25 5 99
26 5 99
27 5 99
28 5 99
29 5 99
30 5 99
31 5 99
32 5 99
33 5 99
34 5 99
35 5 101
36 5 101
37 5 101
38 5 101
39 5 101
40 5 101
41 5 101
42 5 101
43 5 101
44 5 101
45 5 101
46 5 101
47 5 101
48 5 101
49 5 101
50 5 101
51 5 101
52 5 101
53 5 101
54 5 101
55 5 101
56 5 101
57 5 101
58 5 101
59 5 102
60 5 102
61 5 102
62 5 102
63 5 102
64 5 102
65 5 102
66 5 102
67 5 87
68 5 87
69 5 87
70 5 87
71 5 87
72 5 87
73 5 87
74 5 87
75 5 87
76 5 87
77 5 87
78 5 87
79 5 87
80 5 87
81 5 87
82 5 87
83 5 102
84 5 102
85 5 102
86 5 102
87 5 102
88 5 48
89 5 48
90 5 48
91 5 48
92 5 0
0 6 52
1 6 52
2 6 52
3 6 52
4 6 52
5 6 99
6 6 99
7 6 99
8 6 99
9 6 99
10 6 99
11 6 99
12 6 99
13 6 99
14 6 99
15 6 99
16 6 99
17 6 99
18 6 99
19 6 99
20 6 99
21 6 99
22 6 99
23 6 99
24 6 99
25 6 99
26 6 99
27 6 99
28 6 99
29 6 99
30 6 99
31 6 99
32 6 99
33 6 99
34 6 99
35 6 101
36 6 101
37 6 101
38 6 101
39 6 101
40 6 101
41 6 101
42 6 101
43 6 101
44 6 101
45 6 101
46 6 101
47 6 101
48 6 101
49 6 101
50 6 101
51 6 101
52 6 101
53 6 101
54 6 101
55 6 101
56 6 101
57 6 101
58 6 101
59 6 102
60 6 102
61 6 102
62 6 102
63 6 102
64 6 102
65 6 102
66 6 102
67 6 87
68 6 87
69 6 87
70 6 87
71 6 87
72 6 87
73 6 87
74 6 87
75 6 87
76 6 87
77 6 87
78 6 87
79 6 87
80 6 87
81 6 87
82 6 87
83 6 102
84 6 102
85 6 102
86 6 102
87 6 102
88 6 48
89 6 48
90 6 48
91 6 48
92 6 0
0 7 52
1 7 52
2 7 52
3 7 52
4 7 52
5 7 99
6 7 99
7 7 99
8 7 99
9 7 99
10 7 99
11 7 99
12 7 99
13 7 99
14 7 99
15 7 99
16 7 99
17 7 99
18 7 99
19 7 99
20 7 99
21 7 99
22 7 99
23 7 99
24 7 99
25 7 99
26 7 99
27 7 99
28 7 99
29 7 99
30 7 99
31 7 99
32 7 99
33 7 99
34 7 99
35 7 101
36 7 101
37 7 101
38 7 101
39 7 101
40 7 101
41 7 101
42 7 101
43 7 101
44 7 101
45 7 101
46 7 101
47 7 101
48 7 101
49 7 101
50 7 101
51 7 101
52 7 101
53 7 101
54 7 101
55 7 101
56 7 101
57 7 101
58 7 101
59 7 102
60 7 102
61 7 102
62 7 102
63 7 102
64 7 102
65 7 102
66 7 102
67 7 87
68 7 87
69 7 87
70 7 87
71 7 87
72 7 87
73 7 87
74 7 87
75 7 87
76 7 87
77 7 87
78 7 87
79 7 87
80 7 87
81 7 87
82 7 87
83 7 102
84 7 102
85 7 102
86 7 102
87 7 102
88 7 48
89 7 48
90 7 48
91 7 48
92 7 0
0 8 52
1 8 52
2 8 52
3 8 52
4 8 52
5 8 99
6 8 99
7 8 99
8 8 99
9 8 99
10 8 99
11 8 99
12 8 99
13 8 99
14 8 99
15 8 99
16 8 99
17 8 99
18 8 99
19 8 99
20 8 99
21 8 99
22 8 99
23 8 99
24 8 99
25 8 99
26 8 99
27 8 99
28 8 99
29 8 99
30 8 99
31 8 99
32 8 99
33 8 99
34 8 99
35 8 101
36 8 101
37 8 101
38 8 101
39 8 101
40 8 101
41 8 101
42 8 101
43 8 101
44 8 101
45 8 101
46 8 101
47 8 101
48 8 101
49 8 101
50 8 101
51 8 101
52 8 101
53 8 101
54 8 101
55 8 101
56 8 101
57 8 101
58 8 101
59 8 102
60 8 102
61 8 102
62 8 102
63 8 102
64 8 102
65 8 102
66 8 102
67 8 87
68 8 87
69 8 87
70 8 87
71 8 87
72 8 87
73 8 87
74 8 87
75 8 87
76 8 87
77 8 87
78 8 87
79 8 87
80 8 87
81 8 87
82 8 87
83 8 102
84 8 102
85 8 102
86 8 102
87 8 102
88 8 48
89 8 48
90 8 48
91 8 48
92 8 0
0 9 52
1 9 52
2 9 52
3 9 52
4 9 52
5 9 99
6 9 99
7 9 99
8 9 99
9 9 99
10 9 99
11 9 99
12 9 99
13 9 99
14 9 99
15 9 99
16 9 99
17 9 99
18 9 99
19 9 99
20 9 99
21 9 99
22 9 99
23 9 99
24 9 99
25 9 99
26 9 99
27 9 99
28 9 99
29 9 99
30 9 99
31 9 99
32 9 99
33 9 99
34 9 99
35 9 101
36 9 101
37 9 101
38 9 101
39 9 101
40 9 101
41 9 101
42 9 101
43 9 101
44 9 101
45 9 101
46 9 101
47 9 101
48 9 101
49 9 101
50 9 101
51 9 101
52 9 101
53 9 101
54 9 101
55 9 101
56 9 101
57 9 101
58 9 101
59 9 102
60 9 102
61 9 102
62 9 102
63 9 102
64 9 102
65 9 102
66 9 102
67 9 87
68 9 87
69 9 87
70 9 87
71 9 87
72 9 87
73 9 87
74 9 87
75 9 87
76 9 87
77 9 87
78 9 87
79 9 87
80 9 87
81 9 87
82 9 87
83 9 102
84 9 102
85 9 102
86 9 102
87 9 102
88 9 48
89 9 48
90 9 48
91 9 48
92 9 0
0 10 52
1 10 52
2 10 52
3 10 52
4 10 52
5 10 99
6 10 99
7 10 99
8 10 99
9 10 99
10 10 99
11 10 99
12 10 99
13 10 99
14 10 99
15 10 99
16 10 99
17 10 99
18 10 99
19 10 99
20 10 99
21 10 99
22 10 99
23 10 99
24 10 99
25 10 99
26 10 99
27 10 99
28 10 99
29 10 99
30 10 99
31 10 99
32 10 99
33 10 99
34 10 99
35 10 101
36 10 101
37 10 101
38 10 101
39 10 101
40 10 101
41 10 101
42 10 101
43 10 101
44 10 101
45 10 101
46 10 101
47 10 101
48 10 101
49 10 101
50 10 101
51 10 101
52 10 101
53 10 101
54 10 101
55 10 101
56 10 101
57 10 101
58 10 101
59 10 102
60 10 102
61 10 102
62 10 102
63 10 102
64 10 102
65 10 102
66 10 102
67 10 87
68 10 87
69 10 87
70 10 87
71 10 87
72 10 87
73 10 87
74 10 87
75 10 87
76 10 87
77 10 87
78 10 87
79 10 87
80 10 87
81 10 87
82 10 87
83 10 102
84 10 102
85 10 102
86 10 102
87 10 102
88 10 48
89 10 48
90 10 48
91 10 48
92 10 0
0 11 52
1 11 52
2 11 52
3 11 52
4 11 52
5 11 99
6 11 99
7 11 99
8 11 99
9 11 99
10 11 99
11 11 99
12 11 99
13 11 99
14 11 99
15 11 99
16 11 99
17 11 99
18 11 99
19 11 99
20 11 99
21 11 99
22 11 99
23 11 99
24 11 99
25 11 99
26 11 99
27 11 99
28 11 99
29 11 99
30 11 99
31 11 99
32 11 99
33 11 99
34 11 99
35 11 101
36 11 101
37 11 101
38 11 101
39 11 101
40 11 101
41 11 101
42 11 101
43 11 101
44 11 101
45 11 101
46 11 101
47 11 101
48 11 101
49 11 101
50 11 101
51 11 101
52 11 101
53 11 101
54 11 101
55 11 101
56 11 101
57 11 101
58 11 101
59 11 102
60 11 102
61 11 102
62 11 102
63 11 102
64 11 102
65 11 102
66 11 102
67 11 87
68 11 87
69 11 87
70 11 87
71 11 87
72 11 87
73 11 87
74 11 87
75 11 87
76 11 87
77 11 87
78 11 87
79 11 87
80 11 87
81 11 87
82 11 87
83 11 102
84 11 102
85 11 102
86 11 102
87 11 102
88 11 48
89 11 48
90 11 48
91 11 48
92 11 0
0 12 52
1 12 52
2 12 52
3 12 52
4 12 52
5 12 99
6 12 99
7 12 99
8 12 99
9 12 99
10 12 99
11 12 99
12 12 150
13 12 150
14 12 150
15 12 150
16 12 150
17 12 150
18 12 150
19 12 150
20 12 150
21 12 150
22 12 150
23 12 150
24 12 150
25 12 150
26 12 150
27 12 150
28 12 150
29 12 150
30 12 150
31 12 150
32 12 150
33 12 150
34 12 150
35 12 150
36 12 150
37 12 150
38 12 150
39 12 150
40 12 150
41 12 150
42 12 150
43 12 150
44 12 150
45 12 150
46 12 150
47 12 150
48 12 150
49 12 150
50 12 150
51 12 150
52 12 150
53 12 150
54 12 150
55 12 150
56 12 150
57 12 150
58 12 150
59 12 103
60 12 103
61 12 103
62 12 103
63 12 103
64 12 103
65 12 102
66 12 102
67 12 87
68 12 87
69 12 87
70 12 87
71 12 87
72 12 87
73 12 87
74 12 87
75 12 87
76 12 87
77 12 87
78 12 87
79 12 87
80 12 87
81 12 87
82 12 87
83 12 102
84 12 102
85 12 102
86 12 102
87 12 102
88 12 48
89 12 48
90 12 48
91 12 48
92 12 0
0 13 52
1 13 52
2 13 52
3 13 52
4 13 52
5 13 99
6 13 99
7 13 99
8 13 99
9 13 99
10 13 99
11 13 99
12 13 150
13 13 150
14 13 150
15 13 150
16 13 150
17 13 150
18 13 150
19 13 150
20 13 150
21 13 150
22 13 150
23 13 150
24 13 150
25 13 150
26 13 150
27 13 150
28 13 150
29 13 150
30 13 150
31 13 150
32 13 150
33 13 150
34 13 150
35 13 150
36 13 150
37 13 150
38 13 150
39 13 150
40 13 150
41 13 150
42 13 150
43 13 150
44 13 150
45 13 150
46 13 150
47 13 150
48 13 150
49 13 150
50 13 150
51 13 150
52 13 150
53 13 150
54 13 150
55 13 150
56 13 150
57 13 150
58 13 150
59 13 103
60 13 103
61 13 103
62 13 103
63 13 103
64 13 103
65 13 102
66 13 102
67 13 87
68 13 87
69 13 87
70 13 87
71 13 87
72 13 87
73 13 87
74 13 87
75 13 87
76 13 87
77 13 87
78 13 87
79 13 87
80 13 87
81 13 87
82 13 87
83 13 102
84 13 102
85 13 102
86 13 102
87 13 102
88 13 48
89 13 48
90 13 48
91 13 48
92 13 0
0 14 52
1 14 52
2 14 52
3 14 52
4 14 52
5 14 99
6 14 99
7 14 99
8 14 99
9 14 99
10 14 99
11 14 99
12 14 150
13 14 150
14 14 150
15 14 150
16 14 150
17 14 150
18 14 150
19 14 150
20 14 150
21 14 150
22 14 150
23 14 150
24 14 150
25 14 150
26 14 150
27 14 150
28 14 150
29 14 150
30 14 150
31 14 150
32 14 150
33 14 150
34 14 150
35 14 150
36 14 150
37 14 150
38 14 150
39 14 150
40 14 150
41 14 150
42 14 150
43 14 150
44 14 150
45 14 150
46 14 150
47 14 150
48 14 150
49 14 150
50 14 150
51 14 150
52 14 150
53 14 150
54 14 150
55 14 150
56 14 150
57 14 150
58 14 150
59 14 103
60 14 103
61 14 103
62 14 103
63 14 103
64 14 103
65 14 102
66 14 102
67 14 102
68 14 102
69 14 102
70 14 102
71 14 102
72 14 102
73 14 102
74 14 102
75 14 102
76 14 102
77 14 102
78 14 102
79 14 102
80 14 102
81 14 102
82 14 102
83 14 102
84 14 102
85 14 102
86 14 102
87 14 102
88 14 48
89 14 48
90 14 48
91 14 48
92 14 0
0 15 52
1 15 52
2 15 52
3 15 52
4 15 52
5 15 99
6 15 99
7 15 99
8 15 99
9 15 99
10 15 99
11 15 99
12 15 150
13 15 150
14 15 150
15 15 150
16 15 150
17 15 150
18 15 150
19 15 150
20 15 150
21 15 150
22 15 150
23 15 150
24 15 150
25 15 150
26 15 150
27 15 150
28 15 150
29 15 150
30 15 150
31 15 150
32 15 150
33 15 150
34 15 150
35 15 150
36 15 150
37 15 150
38 15 150
39 15 150
40 15 150
41 15 150
42 15 150
43 15 150
44 15 150
45 15 150
46 15 150
47 15 150
48 15 150
49 15 150
50 15 150
51 15 150
52 15 150
53 15 150
54 15 150
55 15 150
56 15 150
57 15 150
58 15 150
59 15 103
60 15 103
61 15 103
62 15 103
63 15 103
64 15 103
65 15 102
66 15 102
67 15 102
68 15 102
69 15 102
70 15 102
71 15 102
72 15 102
73 15 102
74 15 102
75 15 102
76 15 102
77 15 102
78 15 102
79 15 102
80 15 102
81 15 102
82 15 102
83 15 102
84 15 102
85 15 102
86 15 102
87 15 102
88 15 48
89 15 48
90 15 48
91 15 48
92 15 0
0 16 52
1 16 52
2 16 52
3 16 52
4 16 52
5 16 99
6 16 99
7 16 99
8 16 99
9 16 99
10 16 99
11 16 99
12 16 150
13 16 150
14 16 150
15 16 150
16 16 150
17 16 150
18 16 150
19 16 150
20 16 150
21 16 150
22 16 150
23 16 150
24 16 150
25 16 150
26 16 150
27 16 150
28 16 150
29 16 150
30 16 150
31 16 150
32 16 150
33 16 150
34 16 150
35 16 150
36 16 150
37 16 150
38 16 150
39 16 150
40 16 150
41 16 150
42 16 150
43 16 150
44 16 150
45 16 150
46 16 150
47 16 150
48 16 150
49 16 150
50 16 150
51 16 150
52 16 150
53 16 150
54 16 150
55 16 150
56 16 150
57 16 150
58 16 150
59 16 103
60 16 103
61 16 103
62 16 103
63 16 103
64 16 103
65 16 102
66 16 102
67 16 102
68 16 102
69 16 102
70 16 102
71 16 102
72 16 102
73 16 102
74 16 102
75 16 102
76 16 102
77 16 102
78 16 102
79 16 102
80 16 102
81 16 102
82 16 102
83 16 102
84 16 102
85 16 102
86 16 102
87 16 102
88 16 48
89 16 48
90 16 48
91 16 48
92 16 0
0 17 52
1 17 52
2 17 52
3 17 52
4 17 52
5 17 99
6 17 99
7 17 99
8 17 99
9 17 99
10 17 99
11 17 99
12 17 150
13 17 150
14 17 150
15 17 150
16 17 150
17 17 150
18 17 150
19 17 150
20 17 150
21 17 150
22 17 150
23 17 150
24 17 150
25 17 150
26 17 150
27 17 150
28 17 150
29 17 150
30 17 150
31 17 150
32 17 150
33 17 150
34 17 169
35 17 150
36 17 150
37 17 150
38 17 150
39 17 150
40 17 150
41 17 150
42 17 150
43 17 150
44 17 150
45 17 150
46 17 150
47 17 150
48 17 150
49 17 150
50 17 150
51 17 150
52 17 150
53 17 150
54 17 150
55 17 150
56 17 150
57 17 150
58 17 150
59 17 103
60 17 103
61 17 103
62 17 103
63 17 103
64 17 103
65 17 102
66 17 102
67 17 102
68 17 102
69 17 102
70 17 102
71 17 102
72 17 102
73 17 102
74 17 102
75 17 102
76 17 102
77 17 102
78 17 102
79 17 102
80 17 102
81 17 102
82 17 102
83 17 102
84 17 102
85 17 102
86 17 102
87 17 102
88 17 48
89 17 48
90 17 48
91 17 48
92 17 0
0 18 52
1 18 52
2 18 52
3 18 52
4 18 52
5 18 99
6 18 99
7 18 99
8 18 99
9 18 99
10 18 99
11 18 99
12 18 150
13 18 150
14 18 150
15 18 150
16 18 150
17 18 150
18 18 150
19 18 150
20 18 150
21 18 150
22 18 150
23 18 150
24 18 150
25 18 150
26 18 150
27 18 150
28 18 150
29 18 150
30 18 150
31 18 150
32 18 150
33 18 150
34 18 169
35 18 150
36 18 150
37 18 150
38 18 150
39 18 150
40 18 150
41 18 150
42 18 150
43 18 150
44 18 150
45 18 150
46 18 150
47 18 150
48 18 150
49 18 150
50 18 150
51 18 150
52 18 150
53 18 150
54 18 150
55 18 150
56 18 150
57 18 150
58 18 150
59 18 103
60 18 103
61 18 103
62 18 103
63 18 103
64 18 103
65 18 102
66 18 102
67 18 102
68 18 102
69 18 102
70 18 102
71 18 102
72 18 102
73 18 102
74 18 102
75 18 102
76 18 102
77 18 102
78 18 102
79 18 102
80 18 102
81 18 102
82 18 102
83 18 102
84 18 102
85 18 102
86 18 102
87 18 102
88 18 48
89 18 48
90 18 48
91 18 48
92 18 0
0 19 52
1 19 52
2 19 52
3 19 52
4 19 52
5 19 99
6 19 99
7 19 99
8 19 99
9 19 99
10 19 99
11 19 99
12 19 150
13 19 150
14 19 150
15 19 150
16 19 150
17 19 150
18 19 150
19 19 150
20 19 150
21 19 150
22 19 150
23 19 150
24 19 150
25 19 150
26 19 150
27 19 150
28 19 150
29 19 150
30 19 150
31 19 150
32 19 150
33 19 150
34 19 169
35 19 150
36 19 150
37 19 150
38 19 150
39 19 150
40 19 150
41 19 150
42 19 150
43 19 150
44 19 150
45 19 150
46 19 150
47 19 150
48 19 150
49 19 150
50 19 150
51 19 150
52 19 150
53 19 150
54 19 150
55 19 150
56 19 150
57 19 150
58 19 150
59 19 103
60 19 103
61 19 103
62 19 103
63 19 103
64 19 103
65 19 102
66 19 102
67 19 102
68 19 102
69 19 102
70 19 102
71 19 102
72 19 102
73 19 102
74 19 102
75 19 102
76 19 102
77 19 102
78 19 102
79 19 102
80 19 102
81 19 102
82 19 102
83 19 102
84 19 102
85 19 102
86 19 102
87 19 102
88 19 48
89 19 48
90 19 48
91 19 48
92 19 0
0 20 52
1 20 52
2 20 52
3 20 52
4 20 52
5 20 99
6 20 99
7 20 99
8 20 99
9 20 99
10 20 99
11 20 99
12 20 150
13 20 150
14 20 150
15 20 150
16 20 150
17 20 150
18 20 150
19 20 150
20 20 150
21 20 150
22 20 150
23 20 150
24 20 150
25 20 150
26 20 150
27 20 150
28 20 150
29 20 150
30 20 150
31 20 150
32 20 150
33 20 150
34 20 169
35 20 150
36 20 150
37 20 150
38 20 150
39 20 150
40 20 150
41 20 150
42 20 150
43 20 150
44 20 150
45 20 150
46 20 150
47 20 150
48 20 150
49 20 150
50 20 150
51 20 150
52 20 150
53 20 150
54 20 150
55 20 150
56 20 150
57 20 150
58 20 150
59 20 103
60 20 103
61 20 103
62 20 103
63 20 103
64 20 103
65 20 102
66 20 102
67 20 102
68 20 102
69 20 102
70 20 102
71 20 102
72 20 102
73 20 102
74 20 102
75 20 102
76 20 102
77 20 102
78 20 102
79 20 102
80 20 102
81 20 102
82 20 102
83 20 102
84 20 102
85 20 102
86 20 102
87 20 102
88 20 48
89 20 48
90 20 48
91 20 48
92 20 0
0 21 52
1 21 52
2 21 52
3 21 52
4 21 52
5 21 99
6 21 99
7 21 99
8 21 99
9 21 99
10 21 99
11 21 99
12 21 150
13 21 150
14 21 107
15 21 107
16 21 107
17 21 107
18 21 107
19 21 107
20 21 107
21 21 107
22 21 107
23 21 107
24 21 107
25 21 107
26 21 107
27 21 107
28 21 107
29 21 107
30 21 107
31 21 107
32 21 107
33 21 107
34 21 126
35 21 131
36 21 131
37 21 131
38 21 134
39 21 134
40 21 134
41 21 134
42 21 134
43 21 134
44 21 134
45 21 134
46 21 134
47 21 134
48 21 134
49 21 134
50 21 134
51 21 134
52 21 134
53 21 134
54 21 134
55 21 134
56 21 134
57 21 134
58 21 134
59 21 87
60 21 87
61 21 87
62 21 106
63 21 106
64 21 106
65 21 105
66 21 105
67 21 105
68 21 105
69 21 105
70 21 105
71 21 105
72 21 105
73 21 105
74 21 105
75 21 105
76 21 105
77 21 105
78 21 105
79 21 105
80 21 105
81 21 105
82 21 105
83 21 105
84 21 105
85 21 105
86 21 105
87 21 102
88 21 48
89 21 48
90 21 48
91 21 48
92 21 0
0 22 52
1 22 52
2 22 52
3 22 52
4 22 52
5 22 99
6 22 99
7 22 99
8 22 99
9 22 99
10 22 99
11 22 99
12 22 150
13 22 150
14 22 107
15 22 107
16 22 107
17 22 107
18 22 107
19 22 107
20 22 107
21 22 107
22 22 107
23 22 107
24 22 107
25 22 107
26 22 107
27 22 107
28 22 107
29 22 107
30 22 107
31 22 107
32 22 107
33 22 107
34 22 126
35 22 131
36 22 131
37 22 131
38 22 134
39 22 134
40 22 134
41 22 134
42 22 134
43 22 134
44 22 134
45 22 134
46 22 134
47 22 134
48 22 134
49 22 134
50 22 134
51 22 134
52 22 134
53 22 134
54 22 134
55 22 134
56 22 134
57 22 134
58 22 134
59 22 87
60 22 87
61 22 87
62 22 106
63 22 106
64 22 106
65 22 105
66 22 105
67 22 105
68 22 105
69 22 105
70 22 105
71 22 105
72 22 105
73 22 105
74 22 105
75 22 105
76 22 105
77 22 105
78 22 105
79 22 105
80 22 105
81 22 105
82 22 105
83 22 105
84 22 105
85 22 105
86 22 105
87 22 102
88 22 48
89 22 48
90 22 48
91 22 48
92 22 0
0 23 52
1 23 52
2 23 52
3 23 52
4 23 52
5 23 99
6 23 99
7 23 99
8 23 99
9 23 99
10 23 99
11 23 99
12 23 150
13 23 150
14 23 107
15 23 107
16 23 107
17 23 107
18 23 107
19 23 107
20 23 107
21 23 107
22 23 107
23 23 107
24 23 107
25 23 107
26 23 107
27 23 107
28 23 107
29 23 107
30 23 107
31 23 107
32 23 107
33 23 107
34 23 126
35 23 131
36 23 131
37 23 131
38 23 134
39 23 134
40 23 134
41 23 134
42 23 134
43 23 134
44 23 134
45 23 134
46 23 134
47 23 134
48 23 134
49 23 134
50 23 134
51 23 134
52 23 134
53 23 134
54 23 134
55 23 134
56 23 134
57 23 134
58 23 134
59 23 87
60 23 87
61 23 87
62 23 106
63 23 106
64 23 106
65 23 105
66 23 105
67 23 105
68 23 105
69 23 105
70 23 105
71 23 105
72 23 105
73 23 105
74 23 105
75 23 105
76 23 105
77 23 105
78 23 105
79 23 105
80 23 105
81 23 105
82 23 105
83 23 105
84 23 105
85 23 105
86 23 105
87 23 102
88 23 48
89 23 48
90 23 48
91 23 48
92 23 0
0 24 52
1 24 52
2 24 52
3 24 52
4 24 52
5 24 99
6 24 99
7 24 99
8 24 99
9 24 99
10 24 99
11 24 99
12 24 150
13 24 150
14 24 107
15 24 107
16 24 107
17 24 107
18 24 107
19 24 107
20 24 110
21 24 110
22 24 110
23 24 110
24 24 110
25 24 110
26 24 110
27 24 110
28 24 110
29 24 110
30 24 110
31 24 110
32 24 110
33 24 110
34 24 129
35 24 134
36 24 134
37 24 134
38 24 137
39 24 137
40 24 137
41 24 137
42 24 137
43 24 137
44 24 137
45 24 137
46 24 137
47 24 137
48 24 137
49 24 137
50 24 137
51 24 137
52 24 137
53 24 137
54 24 137
55 24 137
56 24 137
57 24 137
58 24 137
59 24 90
60 24 90
61 24 90
62 24 90
63 24 90
64 24 90
65 24 105
66 24 105
67 24 105
68 24 105
69 24 105
70 24 105
71 24 105
72 24 105
73 24 105
74 24 105
75 24 105
76 24 105
77 24 105
78 24 105
79 24 105
80 24 105
81 24 105
82 24 105
83 24 105
84 24 105
85 24 105
86 24 105
87 24 102
88 24 48
89 24 48
90 24 48
91 24 48
92 24 0
0 25 52
1 25 52
2 25 52
3 25 52
4 25 52
5 25 99
6 25 99
7 25 99
8 25 99
9 25 99
10 25 99
11 25 99
12 25 150
13 25 150
14 25 107
15 25 107
16 25 107
17 25 107
18 25 107
19 25 107
20 25 110
21 25 110
22 25 110
23 25 110
24 25 110
25 25 110
26 25 110
27 25 110
28 25 110
29 25 110
30 25 110
31 25 110
32 25 110
33 25 110
34 25 129
35 25 134
36 25 134
37 25 134
38 25 137
39 25 137
40 25 137
41 25 137
42 25 137
43 25 137
44 25 137
45 25 137
46 25 137
47 25 137
48 25 137
49 25 137
50 25 137
51 25 137
52 25 137
53 25 137
54 25 137
55 25 137
56 25 137
57 25 137
58 25 137
59 25 90
60 25 90
61 25 90
62 25 90
63 25 90
64 25 90
65 25 105
66 25 105
67 25 105
68 25 105
69 25 105
70 25 105
71 25 105
72 25 105
73 25 105
74 25 105
75 25 105
76 25 105
77 25 105
78 25 105
79 25 105
80 25 105
81 25 105
82 25 105
83 25 105
84 25 105
85 25 105
86 25 105
87 25 102
88 25 48
89 25 48
90 25 48
91 25 48
92 25 0
0 26 52
1 26 52
2 26 52
3 26 52
4 26 52
5 26 99
6 26 99
7 26 99
8 26 99
9 26 99
10 26 99
11 26 99
12 26 150
13 26 150
14 26 107
15 26 107
16 26 107
17 26 107
18 26 107
19 26 107
20 26 110
21 26 110
22 26 110
23 26 110
24 26 110
25 26 110
26 26 110
27 26 110
28 26 110
29 26 110
30 26 110
31 26 110
32 26 110
33 26 110
34 26 129
35 26 134
36 26 134
37 26 134
38 26 137
39 26 137
40 26 137
41 26 137
42 26 137
43 26 137
44 26 137
45 26 137
46 26 137
47 26 137
48 26 137
49 26 137
50 26 137
51 26 137
52 26 137
53 26 137
54 26 137
55 26 137
56 26 137
57 26 137
58 26 137
59 26 90
60 26 90
61 26 90
62 26 90
63 26 90
64 26 90
65 26 91
66 26 91
67 26 91
68 26 91
69 26 91
70 26 91
71 26 91
72 26 91
73 26 91
74 26 91
75 26 91
76 26 91
77 26 91
78 26 91
79 26 91
80 26 91
81 26 91
82 26 91
83 26 91
84 26 91
85 26 91
86 26 91
87 26 91
88 26 48
89 26 48
90 26 48
91 26 48
92 26 0
0 27 52
1 27 52
2 27 52
3 27 52
4 27 52
5 27 99
6 27 99
7 27 99
8 27 99
9 27 99
10 27 99
11 27 99
12 27 150
13 27 150
14 27 107
15 27 107
16 27 107
17 27 107
18 27 107
19 27 144
20 27 122
21 27 122
22 27 122
23 27 122
24 27 122
25 27 122
26 27 122
27 27 122
28 27 122
29 27 122
30 27 122
31 27 122
32 27 122
33 27 122
34 27 141
35 27 146
36 27 146
37 27 146
38 27 149
39 27 149
40 27 149
41 27 149
42 27 149
43 27 149
44 27 149
45 27 149
46 27 149
47 27 149
48 27 149
49 27 149
50 27 149
51 27 149
52 27 149
53 27 149
54 27 149
55 27 149
56 27 149
57 27 149
58 27 149
59 27 102
60 27 102
61 27 102
62 27 102
63 27 102
64 27 90
65 27 91
66 27 91
67 27 91
68 27 91
69 27 91
70 27 91
71 27 91
72 27 91
73 27 91
74 27 91
75 27 91
76 27 91
77 27 91
78 27 91
79 27 91
80 27 91
81 27 91
82 27 91
83 27 91
84 27 91
85 27 91
86 27 91
87 27 91
88 27 48
89 27 48
90 27 48
91 27 48
92 27 0
0 28 52
1 28 52
2 28 52
3 28 52
4 28 52
5 28 99
6 28 99
7 28 99
8 28 99
9 28 99
10 28 99
11 28 99
12 28 150
13 28 150
14 28 107
15 28 107
16 28 107
17 28 107
18 28 107
19 28 144
20 28 122
21 28 122
22 28 122
23 28 122
24 28 122
25 28 122
26 28 122
27 28 122
28 28 122
29 28 122
30 28 122
31 28 122
32 28 122
33 28 122
34 28 141
35 28 146
36 28 146
37 28 146
38 28 149
39 28 149
40 28 149
41 28 149
42 28 149
43 28 149
44 28 149
45 28 149
46 28 149
47 28 149
48 28 149
49 28 149
50 28 149
51 28 149
52 28 149
53 28 149
54 28 149
55 28 149
56 28 149
57 28 149
58 28 149
59 28 102
60 28 102
61 28 102
62 28 102
63 28 102
64 28 90
65 28 91
66 28 91
67 28 91
68 28 91
69 28 91
70 28 91
71 28 91
72 28 91
73 28 91
74 28 91
75 28 91
76 28 91
77 28 91
78 28 91
79 28 91
80 28 91
81 28 91
82 28 91
83 28 91
84 28 91
85 28 91
86 28 91
87 28 91
88 28 48
89 28 48
90 28 48
91 28 48
92 28 0
0 29 52
1 29 52
2 29 52
3 29 52
4 29 52
5 29 99
6 29 99
7 29 99
8 29 99
9 29 99
10 29 99
11 29 99
12 29 150
13 29 115
14 29 112
15 29 112
16 29 112
17 29 112
18 29 112
19 29 149
20 29 127
21 29 127
22 29 127
23 29 127
24 29 127
25 29 127
26 29 127
27 29 127
28 29 127
29 29 127
30 29 127
31 29 127
32 29 127
33 29 127
34 29 141
35 29 146
36 29 146
37 29 146
38 29 149
39 29 149
40 29 149
41 29 149
42 29 149
43 29 149
44 29 149
45 29 149
46 29 149
47 29 149
48 29 149
49 29 149
50 29 149
51 29 149
52 29 149
53 29 149
54 29 149
55 29 149
56 29 149
57 29 149
58 29 149
59 29 102
60 29 102
61 29 102
62 29 102
63 29 102
64 29 90
65 29 113
66 29 113
67 29 113
68 29 91
69 29 91
70 29 91
71 29 91
72 29 91
73 29 91
74 29 91
75 29 91
76 29 91
77 29 91
78 29 91
79 29 91
80 29 91
81 29 91
82 29 91
83 29 91
84 29 91
85 29 91
86 29 91
87 29 91
88 29 48
89 29 48
90 29 48
91 29 48
92 29 0
0 30 52
1 30 52
2 30 52
3 30 52
4 30 52
5 30 99
6 30 99
7 30 99
8 30 99
9 30 99
10 30 99
11 30 99
12 30 150
13 30 115
14 30 112
15 30 112
16 30 112
17 30 112
18 30 112
19 30 149
20 30 127
21 30 127
22 30 127
23 30 127
24 30 127
25 30 127
26 30 127
27 30 127
28 30 127
29 30 127
30 30 127
31 30 127
32 30 127
33 30 127
34 30 141
35 30 146
36 30 146
37 30 146
38 30 149
39 30 149
40 30 149
41 30 149
42 30 149
43 30 149
44 30 149
45 30 149
46 30 149
47 30 149
48 30 149
49 30 149
50 30 149
51 30 149
52 30 149
53 30 149
54 30 149
55 30 149
56 30 149
57 30 149
58 30 149
59 30 102
60 30 102
61 30 102
62 30 102
63 30 102
64 30 90
65 30 113
66 30 113
67 30 113
68 30 91
69 30 91
70 30 91
71 30 91
72 30 91
73 30 91
74 30 91
75 30 91
76 30 91
77 30 91
78 30 91
79 30 91
80 30 91
81 30 91
82 30 91
83 30 91
84 30 91
85 30 91
86 30 91
87 30 91
88 30 48
89 30 48
90 30 48
91 30 48
92 30 0
0 31 52
1 31 52
2 31 52
3 31 52
4 31 52
5 31 99
6 31 99
7 31 99
8 31 99
9 31 99
10 31 99
11 31 99
12 31 150
13 31 115
14 31 112
15 31 112
16 31 112
17 31 112
18 31 112
19 31 149
20 31 127
21 31 127
22 31 127
23 31 127
24 31 127
25 31 127
26 31 127
27 31 127
28 31 127
29 31 127
30 31 127
31 31 127
32 31 127
33 31 127
34 31 141
35 31 146
36 31 146
37 31 146
38 31 149
39 31 149
40 31 149
41 31 149
42 31 149
43 31 149
44 31 149
45 31 149
46 31 149
47 31 149
48 31 149
49 31 149
50 31 149
51 31 149
52 31 149
53 31 149
54 31 149
55 31 149
56 31 149
57 31 149
58 31 149
59 31 102
60 31 102
61 31 102
62 31 102
63 31 102
64 31 90
65 31 113
66 31 113
67 31 113
68 31 91
69 31 91
70 31 91
71 31 91
72 31 91
73 31 91
74 31 91
75 31 91
76 31 91
77 31 91
78 31 91
79 31 91
80 31 91
81 31 91
82 31 91
83 31 91
84 31 91
85 31 91
86 31 91
87 31 91
88 31 48
89 31 48
90 31 48
91 31 48
92 31 0
0 32 52
1 32 52
2 32 52
3 32 52
4 32 52
5 32 99
6 32 99
7 32 99
8 32 99
9 32 99
10 32 99
11 32 99
12 32 150
13 32 115
14 32 112
15 32 112
16 32 112
17 32 112
18 32 112
19 32 149
20 32 127
21 32 127
22 32 127
23 32 127
24 32 127
25 32 127
26 32 127
27 32 127
28 32 127
29 32 127
30 32 127
31 32 127
32 32 127
33 32 127
34 32 141
35 32 146
36 32 146
37 32 146
38 32 149
39 32 149
40 32 149
41 32 149
42 32 149
43 32 149
44 32 149
45 32 149
46 32 149
47 32 149
48 32 149
49 32 149
50 32 149
51 32 149
52 32 149
53 32 149
54 32 149
55 32 149
56 32 149
57 32 149
58 32 149
59 32 102
60 32 102
61 32 102
62 32 102
63 32 102
64 32 90
65 32 113
66 32 113
67 32 113
68 32 91
69 32 91
70 32 91
71 32 91
72 32 91
73 32 91
74 32 91
75 32 91
76 32 91
77 32 91
78 32 91
79 32 91
80 32 91
81 32 91
82 32 91
83 32 91
84 32 91
85 32 91
86 32 91
87 32 91
88 32 48
89 32 48
90 32 48
91 32 48
92 32 0
0 33 52
1 33 52
2 33 52
3 33 52
4 33 52
5 33 99
6 33 99
7 33 99
8 33 99
9 33 99
10 33 99
11 33 99
12 33 150
13 33 115
14 33 112
15 33 112
16 33 112
17 33 112
18 33 112
19 33 149
20 33 127
21 33 127
22 33 127
23 33 127
24 33 127
25 33 127
26 33 127
27 33 127
28 33 127
29 33 127
30 33 127
31 33 127
32 33 127
33 33 127
34 33 141
35 33 146
36 33 146
37 33 146
38 33 149
39 33 149
40 33 149
41 33 149
42 33 149
43 33 149
44 33 149
45 33 149
46 33 149
47 33 149
48 33 149
49 33 149
50 33 149
51 33 149
52 33 149
53 33 149
54 33 149
55 33 149
56 33 149
57 33 149
58 33 149
59 33 102
60 33 102
61 33 102
62 33 102
63 33 102
64 33 90
65 33 113
66 33 113
67 33 113
68 33 91
69 33 91
70 33 91
71 33 91
72 33 91
73 33 91
74 33 91
75 33 91
76 33 91
77 33 91
78 33 91
79 33 91
80 33 91
81 33 91
82 33 91
83 33 91
84 33 91
85 33 91
86 33 91
87 33 91
88 33 48
89 33 48
90 33 48
91 33 48
92 33 0
0 34 52
1 34 52
2 34 52
3 34 52
4 34 52
5 34 99
6 34 99
7 34 99
8 34 99
9 34 99
10 34 99
11 34 99
12 34 150
13 34 115
14 34 112
15 34 112
16 34 112
17 34 112
18 34 112
19 34 149
20 34 127
21 34 127
22 34 127
23 34 127
24 34 127
25 34 127
26 34 127
27 34 127
28 34 127
29 34 127
30 34 127
31 34 127
32 34 127
33 34 127
34 34 141
35 34 146
36 34 146
37 34 146
38 34 149
39 34 149
40 34 149
41 34 149
42 34 149
43 34 149
44 34 149
45 34 149
46 34 149
47 34 149
48 34 149
49 34 149
50 34 149
51 34 149
52 34 149
53 34 149
54 34 149
55 34 149
56 34 149
57 34 149
58 34 149
59 34 102
60 34 102
61 34 102
62 34 102
63 34 102
64 34 90
65 34 113
66 34 113
67 34 113
68 34 91
69 34 91
70 34 91
71 34 91
72 34 91
73 34 91
74 34 91
75 34 91
76 34 91
77 34 91
78 34 91
79 34 91
80 34 91
81 34 91
82 34 91
83 34 91
84 34 91
85 34 91
86 34 91
87 34 91
88 34 48
89 34 48
90 34 48
91 34 48
92 34 0
0 35 52
1 35 52
2 35 52
3 35 52
4 35 52
5 35 99
6 35 99
7 35 99
8 35 99
9 35 99
10 35 99
11 35 99
12 35 150
13 35 115
14 35 112
15 35 112
16 35 112
17 35 112
18 35 112
19 35 149
20 35 127
21 35 127
22 35 127
23 35 127
24 35 127
25 35 127
26 35 127
27 35 127
28 35 127
29 35 127
30 35 127
31 35 127
32 35 127
33 35 127
34 35 141
35 35 146
36 35 146
37 35 146
38 35 149
39 35 149
40 35 149
41 35 149
42 35 149
43 35 149
44 35 149
45 35 149
46 35 149
47 35 149
48 35 149
49 35 149
50 35 149
51 35 149
52 35 149
53 35 149
54 35 149
55 35 149
56 35 149
57 35 149
58 35 149
59 35 102
60 35 102
61 35 102
62 35 102
63 35 102
64 35 90
65 35 113
66 35 113
67 35 113
68 35 91
69 35 91
70 35 91
71 35 91
72 35 91
73 35 91
74 35 91
75 35 91
76 35 91
77 35 91
78 35 91
79 35 91
80 35 91
81 35 91
82 35 91
83 35 91
84 35 91
85 35 91
86 35 91
87 35 91
88 35 48
89 35 48
90 35 48
91 35 48
92 35 0
0 36 52
1 36 52
2 36 52
3 36 52
4 36 52
5 36 99
6 36 99
7 36 99
8 36 99
9 36 99
10 36 99
11 36 99
12 36 150
13 36 115
14 36 112
15 36 112
16 36 112
17 36 112
18 36 112
19 36 149
20 36 127
21 36 127
22 36 127
23 36 127
24 36 127
25 36 127
26 36 127
27 36 127
28 36 127
29 36 127
30 36 127
31 36 127
32 36 127
33 36 127
34 36 141
35 36 146
36 36 146
37 36 146
38 36 149
39 36 149
40 36 149
41 36 149
42 36 149
43 36 149
44 36 149
45 36 149
46 36 149
47 36 149
48 36 149
49 36 149
50 36 149
51 36 149
52 36 163
53 36 163
54 36 163
55 36 163
56 36 163
57 36 163
58 36 163
59 36 116
60 36 116
61 36 116
62 36 116
63 36 116
64 36 104
65 36 127
66 36 127
67 36 127
68 36 105
69 36 105
70 36 105
71 36 105
72 36 91
73 36 91
74 36 91
75 36 91
76 36 91
77 36 91
78 36 91
79 36 91
80 36 91
81 36 91
82 36 91
83 36 91
84 36 91
85 36 91
86 36 91
87 36 91
88 36 48
89 36 48
90 36 48
91 36 48
92 36 0
0 37 52
1 37 52
2 37 52
3 37 52
4 37 52
5 37 99
6 37 99
7 37 99
8 37 99
9 37 99
10 37 99
11 37 99
12 37 150
13 37 115
14 37 112
15 37 112
16 37 112
17 37 112
18 37 112
19 37 149
20 37 127
21 37 127
22 37 127
23 37 127
24 37 127
25 37 127
26 37 127
27 37 127
28 37 127
29 37 127
30 37 127
31 37 127
32 37 127
33 37 130
34 37 141
35 37 146
36 37 146
37 37 146
38 37 149
39 37 149
40 37 149
41 37 149
42 37 149
43 37 149
44 37 149
45 37 149
46 37 149
47 37 149
48 37 149
49 37 149
50 37 149
51 37 149
52 37 163
53 37 163
54 37 163
55 37 163
56 37 163
57 37 163
58 37 163
59 37 116
60 37 116
61 37 116
62 37 116
63 37 116
64 37 104
65 37 107
66 37 107
67 37 107
68 37 125
69 37 125
70 37 125
71 37 125
72 37 111
73 37 111
74 37 111
75 37 111
76 37 111
77 37 111
78 37 111
79 37 111
80 37 111
81 37 111
82 37 111
83 37 111
84 37 111
85 37 91
86 37 91
87 37 91
88 37 48
89 37 48
90 37 48
91 37 48
92 37 0
0 38 52
1 38 52
2 38 52
3 38 52
4 38 52
5 38 99
6 38 99
7 38 99
8 38 99
9 38 99
10 38 99
11 38 99
12 38 150
13 38 115
14 38 112
15 38 112
16 38 112
17 38 112
18 38 112
19 38 149
20 38 127
21 38 127
22 38 127
23 38 127
24 38 127
25 38 127
26 38 127
27 38 127
28 38 127
29 38 127
30 38 127
31 38 127
32 38 127
33 38 130
34 38 141
35 38 146
36 38 146
37 38 146
38 38 149
39 38 149
40 38 149
41 38 149
42 38 149
43 38 149
44 38 149
45 38 149
46 38 149
47 38 149
48 38 149
49 38 149
50 38 149
51 38 149
52 38 163
53 38 163
54 38 163
55 38 163
56 38 163
57 38 163
58 38 163
59 38 116
60 38 116
61 38 116
62 38 116
63 38 116
64 38 104
65 38 107
66 38 107
67 38 107
68 38 125
69 38 125
70 38 125
71 38 125
72 38 111
73 38 111
74 38 111
75 38 111
76 38 111
77 38 111
78 38 111
79 38 111
80 38 111
81 38 111
82 38 111
83 38 111
84 38 111
85 38 91
86 38 91
87 38 91
88 38 48
89 38 48
90 38 48
91 38 48
92 38 0
0 39 52
1 39 52
2 39 52
3 39 52
4 39 52
5 39 99
6 39 99
7 39 99
8 39 99
9 39 99
10 39 99
11 39 99
12 39 150
13 39 115
14 39 112
15 39 112
16 39 112
17 39 112
18 39 112
19 39 149
20 39 127
21 39 127
22 39 127
23 39 127
24 39 127
25 39 127
26 39 127
27 39 127
28 39 127
29 39 127
30 39 127
31 39 127
32 39 127
33 39 130
34 39 141
35 39 146
36 39 146
37 39 146
38 39 149
39 39 149
40 39 149
41 39 149
42 39 149
43 39 149
44 39 149
45 39 149
46 39 149
47 39 149
48 39 149
49 39 149
50 39 149
51 39 149
52 39 163
53 39 163
54 39 163
55 39 163
56 39 163
57 39 163
58 39 163
59 39 116
60 39 116
61 39 116
62 39 116
63 39 116
64 39 104
65 39 107
66 39 107
67 39 107
68 39 125
69 39 125
70 39 125
71 39 125
72 39 111
73 39 111
74 39 111
75 39 111
76 39 111
77 39 111
78 39 111
79 39 111
80 39 111
81 39 111
82 39 111
83 39 111
84 39 111
85 39 91
86 39 91
87 39 91
88 39 48
89 39 48
90 39 48
91 39 48
92 39 0
0 40 52
1 40 52
2 40 52
3 40 52
4 40 52
5 40 99
6 40 99
7 40 99
8 40 99
9 40 99
10 40 99
11 40 99
12 40 150
13 40 115
14 40 112
15 40 112
16 40 112
17 40 112
18 40 112
19 40 149
20 40 127
21 40 127
22 40 127
23 40 127
24 40 127
25 40 127
26 40 127
27 40 127
28 40 127
29 40 127
30 40 127
31 40 127
32 40 127
33 40 130
34 40 141
35 40 146
36 40 146
37 40 146
38 40 149
39 40 149
40 40 149
41 40 149
42 40 149
43 40 149
44 40 149
45 40 149
46 40 149
47 40 149
48 40 149
49 40 149
50 40 149
51 40 149
52 40 163
53 40 163
54 40 163
55 40 163
56 40 163
57 40 163
58 40 163
59 40 116
60 40 116
61 40 116
62 40 116
63 40 116
64 40 104
65 40 107
66 40 107
67 40 107
68 40 125
69 40 125
70 40 125
71 40 125
72 40 111
73 40 111
74 40 111
75 40 111
76 40 111
77 40 111
78 40 111
79 40 111
80 40 111
81 40 111
82 40 111
83 40 111
84 40 111
85 40 91
86 40 91
87 40 91
88 40 48
89 40 48
90 40 48
91 40 48
92 40 0
0 41 52
1 41 52
2 41 52
3 41 52
4 41 52
5 41 99
6 41 99
7 41 99
8 41 99
9 41 99
10 41 99
11 41 99
12 41 150
13 41 115
14 41 112
15 41 112
16 41 112
17 41 112
18 41 112
19 41 149
20 41 127
21 41 127
22 41 127
23 41 127
24 41 127
25 41 127
26 41 127
27 41 127
28 41 127
29 41 127
30 41 127
31 41 127
32 41 127
33 41 130
34 41 141
35 41 146
36 41 146
37 41 146
38 41 149
39 41 149
40 41 149
41 41 149
42 41 149
43 41 149
44 41 149
45 41 149
46 41 149
47 41 149
48 41 149
49 41 149
50 41 149
51 41 149
52 41 163
53 41 163
54 41 163
55 41 163
56 41 163
57 41 163
58 41 163
59 41 116
60 41 116
61 41 116
62 41 116
63 41 116
64 41 104
65 41 107
66 41 107
67 41 107
68 41 125
69 41 125
70 41 125
71 41 125
72 41 111
73 41 111
74 41 111
75 41 111
76 41 111
77 41 111
78 41 111
79 41 111
80 41 111
81 41 111
82 41 111
83 41 111
84 41 111
85 41 91
86 41 91
87 41 91
88 41 48
89 41 48
90 41 48
91 41 48
92 41 0
0 42 52
1 42 52
2 42 52
3 42 52
4 42 52
5 42 99
6 42 99
7 42 99
8 42 99
9 42 99
10 42 99
11 42 99
12 42 150
13 42 115
14 42 112
15 42 112
16 42 112
17 42 112
18 42 112
19 42 149
20 42 127
21 42 127
22 42 127
23 42 127
24 42 127
25 42 127
26 42 127
27 42 127
28 42 127
29 42 127
30 42 127
31 42 127
32 42 127
33 42 130
34 42 141
35 42 146
36 42 146
37 42 146
38 42 149
39 42 149
40 42 149
41 42 149
42 42 149
43 42 149
44 42 149
45 42 149
46 42 149
47 42 149
48 42 149
49 42 149
50 42 149
51 42 149
52 42 163
53 42 163
54 42 163
55 42 163
56 42 163
57 42 163
58 42 163
59 42 116
60 42 116
61 42 116
62 42 116
63 42 116
64 42 104
65 42 107
66 42 107
67 42 107
68 42 125
69 42 125
70 42 125
71 42 125
72 42 111
73 42 111
74 42 111
75 42 111
76 42 111
77 42 111
78 42 111
79 42 111
80 42 111
81 42 111
82 42 111
83 42 111
84 42 111
85 42 91
86 42 91
87 42 91
88 42 48
89 42 48
90 42 48
91 42 48
92 42 0
0 43 52
1 43 52
2 43 52
3 43 52
4 43 52
5 43 99
6 43 99
7 43 99
8 43 99
9 43 99
10 43 99
11 43 99
12 43 107
13 43 112
14 43 112
15 43 112
16 43 112
17 43 112
18 43 112
19 43 149
20 43 127
21 43 127
22 43 127
23 43 127
24 43 127
25 43 127
26 43 127
27 43 127
28 43 127
29 43 127
30 43 127
31 43 127
32 43 127
33 43 130
34 43 141
35 43 146
36 43 146
37 43 146
38 43 149
39 43 149
40 43 149
41 43 149
42 43 149
43 43 149
44 43 149
45 43 149
46 43 149
47 43 149
48 43 149
49 43 149
50 43 149
51 43 149
52 43 163
53 43 163
54 43 163
55 43 163
56 43 163
57 43 163
58 43 163
59 43 116
60 43 116
61 43 116
62 43 116
63 43 116
64 43 104
65 43 107
66 43 107
67 43 107
68 43 125
69 43 125
70 43 125
71 43 125
72 43 111
73 43 111
74 43 111
75 43 111
76 43 111
77 43 111
78 43 111
79 43 111
80 43 111
81 43 111
82 43 111
83 43 111
84 43 111
85 43 91
86 43 91
87 43 91
88 43 48
89 43 48
90 43 48
91 43 48
92 43 0
0 44 52
1 44 52
2 44 52
3 44 52
4 44 52
5 44 99
6 44 99
7 44 99
8 44 99
9 44 99
10 44 99
11 44 99
12 44 107
13 44 112
14 44 112
15 44 112
16 44 112
17 44 112
18 44 112
19 44 149
20 44 127
21 44 127
22 44 127
23 44 127
24 44 127
25 44 127
26 44 127
27 44 127
28 44 127
29 44 127
30 44 127
31 44 127
32 44 127
33 44 130
34 44 141
35 44 146
36 44 146
37 44 146
38 44 149
39 44 149
40 44 149
41 44 149
42 44 149
43 44 149
44 44 149
45 44 149
46 44 149
47 44 149
48 44 149
49 44 149
50 44 149
51 44 149
52 44 163
53 44 163
54 44 163
55 44 163
56 44 163
57 44 163
58 44 163
59 44 116
60 44 116
61 44 116
62 44 116
63 44 116
64 44 104
65 44 107
66 44 107
67 44 107
68 44 125
69 44 125
70 44 125
71 44 125
72 44 111
73 44 111
74 44 111
75 44 111
76 44 111
77 44 111
78 44 111
79 44 111
80 44 111
81 44 111
82 44 111
83 44 111
84 44 111
85 44 91
86 44 91
87 44 91
88 44 48
89 44 48
90 44 48
91 44 48
92 44 0
0 45 52
1 45 52
2 45 52
3 45 52
4 45 52
5 45 99
6 45 99
7 45 99
8 45 99
9 45 99
10 45 99
11 45 99
12 45 107
13 45 112
14 45 112
15 45 112
16 45 112
17 45 112
18 45 112
19 45 149
20 45 127
21 45 127
22 45 127
23 45 127
24 45 127
25 45 127
26 45 127
27 45 127
28 45 127
29 45 127
30 45 127
31 45 127
32 45 127
33 45 130
34 45 141
35 45 146
36 45 146
37 45 146
38 45 149
39 45 149
40 45 149
41 45 149
42 45 149
43 45 149
44 45 149
45 45 149
46 45 149
47 45 149
48 45 149
49 45 149
50 45 149
51 45 149
52 45 163
53 45 163
54 45 163
55 45 163
56 45 163
57 45 163
58 45 163
59 45 116
60 45 116
61 45 116
62 45 116
63 45 116
64 45 104
65 45 107
66 45 107
67 45 107
68 45 125
69 45 125
70 45 125
71 45 125
72 45 111
73 45 111
74 45 111
75 45 111
76 45 111
77 45 111
78 45 111
79 45 111
80 45 111
81 45 111
82 45 111
83 45 111
84 45 111
85 45 91
86 45 91
87 45 91
88 45 48
89 45 48
90 45 48
91 45 48
92 45 0
0 46 52
1 46 52
2 46 52
3 46 52
4 46 52
5 46 99
6 46 99
7 46 99
8 46 99
9 46 99
10 46 99
11 46 99
12 46 107
13 46 112
14 46 112
15 46 112
16 46 112
17 46 112
18 46 112
19 46 149
20 46 127
21 46 127
22 46 127
23 46 127
24 46 127
25 46 127
26 46 127
27 46 127
28 46 127
29 46 127
30 46 127
31 46 127
32 46 127
33 46 130
34 46 141
35 46 146
36 46 146
37 46 146
38 46 149
39 46 149
40 46 149
41 46 149
42 46 149
43 46 149
44 46 149
45 46 149
46 46 149
47 46 149
48 46 149
49 46 149
50 46 149
51 46 149
52 46 163
53 46 163
54 46 163
55 46 163
56 46 163
57 46 163
58 46 163
59 46 116
60 46 116
61 46 116
62 46 116
63 46 116
64 46 104
65 46 107
66 46 107
67 46 107
68 46 125
69 46 125
70 46 125
71 46 125
72 46 111
73 46 111
74 46 111
75 46 111
76 46 111
77 46 111
78 46 111
79 46 111
80 46 111
81 46 111
82 46 111
83 46 111
84 46 111
85 46 91
86 46 91
87 46 91
88 46 48
89 46 48
90 46 48
91 46 48
92 46 0
0 47 52
1 47 52
2 47 52
3 47 52
4 47 52
5 47 99
6 47 99
7 47 99
8 47 99
9 47 99
10 47 99
11 47 99
12 47 107
13 47 112
14 47 112
15 47 112
16 47 112
17 47 112
18 47 112
19 47 149
20 47 127
21 47 114
22 47 114
23 47 114
24 47 114
25 47 114
26 47 114
27 47 114
28 47 114
29 47 114
30 47 114
31 47 114
32 47 114
33 47 117
34 47 141
35 47 146
36 47 146
37 47 146
38 47 149
39 47 149
40 47 149
41 47 149
42 47 149
43 47 149
44 47 149
45 47 149
46 47 149
47 47 149
48 47 149
49 47 149
50 47 149
51 47 149
52 47 156
53 47 156
54 47 156
55 47 156
56 47 156
57 47 156
58 47 156
59 47 109
60 47 109
61 47 109
62 47 109
63 47 109
64 47 97
65 47 100
66 47 100
67 47 100
68 47 110
69 47 110
70 47 110
71 47 110
72 47 103
73 47 103
74 47 103
75 47 103
76 47 103
77 47 103
78 47 103
79 47 103
80 47 103
81 47 103
82 47 103
83 47 103
84 47 103
85 47 87
86 47 87
87 47 87
88 47 93
89 47 48
90 47 48
91 47 48
92 47 0
0 48 52
1 48 52
2 48 52
3 48 52
4 48 52
5 48 99
6 48 99
7 48 99
8 48 99
9 48 99
10 48 99
11 48 99
12 48 107
13 48 112
14 48 112
15 48 112
16 48 112
17 48 112
18 48 112
19 48 149
20 48 127
21 48 114
22 48 114
23 48 114
24 48 114
25 48 114
26 48 114
27 48 114
28 48 114
29 48 114
30 48 114
31 48 114
32 48 114
33 48 117
34 48 141
35 48 146
36 48 146
37 48 146
38 48 149
39 48 149
40 48 149
41 48 149
42 48 149
43 48 149
44 48 149
45 48 149
46 48 149
47 48 149
48 48 149
49 48 149
50 48 149
51 48 149
52 48 156
53 48 156
54 48 156
55 48 156
56 48 156
57 48 156
58 48 156
59 48 109
60 48 109
61 48 109
62 48 109
63 48 109
64 48 97
65 48 100
66 48 100
67 48 100
68 48 110
69 48 110
70 48 110
71 48 110
72 48 103
73 48 103
74 48 103
75 48 103
76 48 103
77 48 103
78 48 103
79 48 103
80 48 103
81 48 103
82 48 103
83 48 103
84 48 103
85 48 87
86 48 87
87 48 87
88 48 93
89 48 48
90 48 48
91 48 48
92 48 0
0 49 52
1 49 52
2 49 52
3 49 52
4 49 52
5 49 99
6 49 99
7 49 99
8 49 99
9 49 99
10 49 99
11 49 99
12 49 107
13 49 112
14 49 112
15 49 112
16 49 112
17 49 112
18 49 112
19 49 149
20 49 127
21 49 114
22 49 114
23 49 114
24 49 114
25 49 114
26 49 114
27 49 114
28 49 114
29 49 114
30 49 114
31 49 114
32 49 114
33 49 117
34 49 141
35 49 146
36 49 146
37 49 146
38 49 149
39 49 149
40 49 149
41 49 149
42 49 149
43 49 149
44 49 149
45 49 149
46 49 149
47 49 149
48 49 149
49 49 149
50 49 149
51 49 149
52 49 156
53 49 156
54 49 156
55 49 156
56 49 156
57 49 156
58 49 156
59 49 109
60 49 109
61 49 109
62 49 109
63 49 109
64 49 90
65 49 86
66 49 86
67 49 86
68 49 80
69 49 80
70 49 80
71 49 80
72 49 73
73 49 73
74 49 73
75 49 73
76 49 73
77 49 73
78 49 73
79 49 73
80 49 73
81 49 73
82 49 73
83 49 73
84 49 73
85 49 57
86 49 57
87 49 57
88 49 45
89 49 0
90 49 0
91 49 0
92 49 0
0 50 52
1 50 52
2 50 52
3 50 52
4 50 52
5 50 99
6 50 99
7 50 99
8 50 99
9 50 99
10 50 99
11 50 99
12 50 107
13 50 112
14 50 112
15 50 112
16 50 112
17 50 112
18 50 112
19 50 149
20 50 127
21 50 114
22 50 114
23 50 114
24 50 114
25 50 114
26 50 114
27 50 114
28 50 114
29 50 114
30 50 114
31 50 114
32 50 114
33 50 117
34 50 141
35 50 141
36 50 141
37 50 141
38 50 149
39 50 149
40 50 149
41 50 149
42 50 149
43 50 149
44 50 149
45 50 149
46 50 149
47 50 149
48 50 149
49 50 149
50 50 149
51 50 149
52 50 156
53 50 156
54 50 156
55 50 156
56 50 156
57 50 156
58 50 156
59 50 109
60 50 109
61 50 109
62 50 109
63 50 109
64 50 90
65 50 104
66 50 104
67 50 104
68 50 138
69 50 138
70 50 138
71 50 138
72 50 148
73 50 148
74 50 148
75 50 148
76 50 148
77 50 148
78 50 148
79 50 148
80 50 148
81 50 148
82 50 148
83 50 148
84 50 148
85 50 96
86 50 96
87 50 96
88 50 45
89 50 0
90 50 0
91 50 0
92 50 0
0 51 52
1 51 52
2 51 52
3 51 52
4 51 52
5 51 99
6 51 99
7 51 99
8 51 99
9 51 99
10 51 99
11 51 99
12 51 107
13 51 112
14 51 112
15 51 112
16 51 112
17 51 112
18 51 112
19 51 149
20 51 127
21 51 114
22 51 114
23 51 114
24 51 114
25 51 114
26 51 114
27 51 114
28 51 114
29 51 114
30 51 114
31 51 114
32 51 114
33 51 117
34 51 141
35 51 141
36 51 141
37 51 141
38 51 149
39 51 149
40 51 149
41 51 149
42 51 149
43 51 149
44 51 149
45 51 149
46 51 149
47 51 149
48 51 149
49 51 149
50 51 149
51 51 149
52 51 156
53 51 156
54 51 156
55 51 156
56 51 156
57 51 156
58 51 156
59 51 109
60 51 109
61 51 109
62 51 109
63 51 109
64 51 90
65 51 104
66 51 104
67 51 104
68 51 138
69 51 138
70 51 138
71 51 138
72 51 148
73 51 148
74 51 148
75 51 148
76 51 148
77 51 148
78 51 148
79 51 148
80 51 148
81 51 148
82 51 148
83 51 148
84 51 148
85 51 96
86 51 96
87 51 96
88 51 45
89 51 0
90 51 0
91 51 0
92 51 0
0 52 52
1 52 52
2 52 52
3 52 52
4 52 52
5 52 99
6 52 99
7 52 99
8 52 99
9 52 99
10 52 99
11 52 99
12 52 107
13 52 112
14 52 112
15 52 112
16 52 112
17 52 112
18 52 112
19 52 149
20 52 127
21 52 114
22 52 114
23 52 114
24 52 114
25 52 114
26 52 114
27 52 114
28 52 114
29 52 114
30 52 114
31 52 114
32 52 114
33 52 117
34 52 141
35 52 141
36 52 141
37 52 141
38 52 149
39 52 149
40 52 149
41 52 149
42 52 149
43 52 149
44 52 149
45 52 149
46 52 149
47 52 149
48 52 149
49 52 149
50 52 149
51 52 149
52 52 156
53 52 156
54 52 156
55 52 156
56 52 156
57 52 156
58 52 156
59 52 109
60 52 109
61 52 109
62 52 109
63 52 109
64 52 90
65 52 104
66 52 104
67 52 104
68 52 138
69 52 138
70 52 138
71 52 138
72 52 148
73 52 148
74 52 148
75 52 148
76 52 148
77 52 148
78 52 148
79 52 148
80 52 148
81 52 148
82 52 148
83 52 148
84 52 148
85 52 96
86 52 96
87 52 96
88 52 45
89 52 0
90 52 0
91 52 0
92 52 0
0 53 52
1 53 52
2 53 52
3 53 52
4 53 52
5 53 99
6 53 99
7 53 99
8 53 99
9 53 99
10 53 99
11 53 99
12 53 107
13 53 112
14 53 112
15 53 112
16 53 112
17 53 112
18 53 112
19 53 149
20 53 127
21 53 114
22 53 114
23 53 114
24 53 114
25 53 114
26 53 114
27 53 114
28 53 114
29 53 114
30 53 114
31 53 114
32 53 114
33 53 117
34 53 141
35 53 141
36 53 141
37 53 141
38 53 149
39 53 149
40 53 149
41 53 149
42 53 149
43 53 149
44 53 149
45 53 149
46 53 149
47 53 149
48 53 149
49 53 149
50 53 149
51 53 149
52 53 156
53 53 156
54 53 156
55 53 156
56 53 156
57 53 156
58 53 156
59 53 109
60 53 109
61 53 109
62 53 109
63 53 109
64 53 90
65 53 104
66 53 104
67 53 104
68 53 138
69 53 138
70 53 138
71 53 138
72 53 148
73 53 148
74 53 148
75 53 148
76 53 148
77 53 148
78 53 148
79 53 148
80 53 148
81 53 148
82 53 148
83 53 148
84 53 148
85 53 96
86 53 96
87 53 96
88 53 45
89 53 0
90 53 0
91 53 0
92 53 0
0 54 52
1 54 52
2 54 52
3 54 52
4 54 52
5 54 99
6 54 99
7 54 99
8 54 99
9 54 99
10 54 99
11 54 99
12 54 107
13 54 112
14 54 112
15 54 112
16 54 112
17 54 112
18 54 112
19 54 149
20 54 127
21 54 114
22 54 114
23 54 114
24 54 114
25 54 114
26 54 114
27 54 114
28 54 114
29 54 114
30 54 114
31 54 114
32 54 114
33 54 117
34 54 141
35 54 141
36 54 141
37 54 141
38 54 149
39 54 149
40 54 149
41 54 149
42 54 149
43 54 149
44 54 149
45 54 149
46 54 149
47 54 149
48 54 149
49 54 149
50 54 149
51 54 149
52 54 149
53 54 149
54 54 149
55 54 149
56 54 149
57 54 149
58 54 149
59 54 102
60 54 102
61 54 102
62 54 102
63 54 102
64 54 83
65 54 102
66 54 102
67 54 102
68 54 148
69 54 148
70 54 148
71 54 148
72 54 148
73 54 148
74 54 148
75 54 148
76 54 148
77 54 148
78 54 148
79 54 148
80 54 148
81 54 148
82 54 148
83 54 148
84 54 148
85 54 96
86 54 96
87 54 96
88 54 45
89 54 0
90 54 0
91 54 0
92 54 0
0 55 52
1 55 52
2 55 52
3 55 52
4 55 52
5 55 99
6 55 99
7 55 99
8 55 99
9 55 99
10 55 99
11 55 99
12 55 107
13 55 112
14 55 112
15 55 112
16 55 112
17 55 112
18 55 112
19 55 149
20 55 127
21 55 114
22 55 114
23 55 114
24 55 114
25 55 114
26 55 114
27 55 114
28 55 114
29 55 114
30 55 114
31 55 114
32 55 114
33 55 117
34 55 141
35 55 141
36 55 141
37 55 141
38 55 149
39 55 149
40 55 149
41 55 149
42 55 149
43 55 149
44 55 149
45 55 149
46 55 149
47 55 149
48 55 149
49 55 149
50 55 149
51 55 149
52 55 149
53 55 149
54 55 149
55 55 149
56 55 149
57 55 149
58 55 149
59 55 102
60 55 102
61 55 102
62 55 102
63 55 102
64 55 83
65 55 102
66 55 102
67 55 102
68 55 148
69 55 148
70 55 148
71 55 148
72 55 148
73 55 148
74 55 148
75 55 148
76 55 148
77 55 148
78 55 148
79 55 148
80 55 148
81 55 148
82 55 148
83 55 148
84 55 148
85 55 96
86 55 96
87 55 96
88 55 45
89 55 0
90 55 0
91 55 0
92 55 0
0 56 52
1 56 52
2 56 52
3 56 52
4 56 52
5 56 99
6 56 99
7 56 99
8 56 99
9 56 99
10 56 99
11 56 99
12 56 107
13 56 112
14 56 112
15 56 112
16 56 112
17 56 112
18 56 112
19 56 149
20 56 127
21 56 114
22 56 114
23 56 114
24 56 114
25 56 114
26 56 114
27 56 114
28 56 114
29 56 114
30 56 114
31 56 114
32 56 114
33 56 117
34 56 141
35 56 141
36 56 141
37 56 141
38 56 149
39 56 149
40 56 149
41 56 149
42 56 149
43 56 149
44 56 149
45 56 149
46 56 149
47 56 149
48 56 149
49 56 149
50 56 149
51 56 149
52 56 149
53 56 149
54 56 149
55 56 149
56 56 149
57 56 149
58 56 149
59 56 102
60 56 102
61 56 102
62 56 102
63 56 102
64 56 83
65 56 102
66 56 102
67 56 102
68 56 148
69 56 148
70 56 148
71 56 148
72 56 148
73 56 148
74 56 148
75 56 148
76 56 148
77 56 148
78 56 148
79 56 148
80 56 148
81 56 148
82 56 148
83 56 148
84 56 148
85 56 96
86 56 96
87 56 96
88 56 45
89 56 0
90 56 0
91 56 0
92 56 0
0 57 0
1 57 0
2 57 0
3 57 0
4 57 0
5 57 47
6 57 47
7 57 47
8 57 47
9 57 47
10 57 47
11 57 47
12 57 98
13 57 103
14 57 103
15 57 103
16 57 103
17 57 103
18 57 103
19 57 149
20 57 127
21 57 114
22 57 114
23 57 114
24 57 114
25 57 114
26 57 114
27 57 114
28 57 114
29 57 114
30 57 114
31 57 114
32 57 114
33 57 117
34 57 141
35 57 141
36 57 141
37 57 141
38 57 149
39 57 149
40 57 149
41 57 149
42 57 149
43 57 149
44 57 149
45 57 149
46 57 149
47 57 149
48 57 149
49 57 149
50 57 149
51 57 149
52 57 149
53 57 149
54 57 149
55 57 149
56 57 149
57 57 149
58 57 149
59 57 102
60 57 102
61 57 102
62 57 102
63 57 102
64 57 83
65 57 102
66 57 102
67 57 102
68 57 148
69 57 148
70 57 148
71 57 148
72 57 148
73 57 148
74 57 148
75 57 148
76 57 148
77 57 148
78 57 148
79 57 148
80 57 148
81 57 148
82 57 148
83 57 148
84 57 148
85 57 96
86 57 96
87 57 96
88 57 45
89 57 0
90 57 0
91 57 0
92 57 0
0 58 0
1 58 0
2 58 0
3 58 0
4 58 0
5 58 0
6 58 0
7 58 0
8 58 45
9 58 45
10 58 45
11 58 45
12 58 51
13 58 56
14 58 56
15 58 56
16 58 56
17 58 56
18 58 56
19 58 102
20 58 80
21 58 67
22 58 67
23 58 67
24 58 67
25 58 67
26 58 67
27 58 67
28 58 67
29 58 67
30 58 67
31 58 67
32 58 67
33 58 70
34 58 94
35 58 94
36 58 94
37 58 94
38 58 102
39 58 102
40 58 102
41 58 102
42 58 102
43 58 102
44 58 102
45 58 102
46 58 102
47 58 102
48 58 102
49 58 102
50 58 102
51 58 102
52 58 102
53 58 102
54 58 102
55 58 102
56 58 102
57 58 102
58 58 102
59 58 102
60 58 102
61 58 102
62 58 102
63 58 102
64 58 83
65 58 102
66 58 102
67 58 102
68 58 148
69 58 148
70 58 148
71 58 148
72 58 148
73 58 148
74 58 148
75 58 148
76 58 148
77 58 148
78 58 148
79 58 148
80 58 148
81 58 148
82 58 148
83 58 148
84 58 148
85 58 96
86 58 96
87 58 96
88 58 45
89 58 0
90 58 0
91 58 0
92 58 0
0 59 0
1 59 0
2 59 0
3 59 0
4 59 0
5 59 0
6 59 0
7 59 0
8 59 45
9 59 45
10 59 45
11 59 45
12 59 51
13 59 56
14 59 56
15 59 56
16 59 56
17 59 56
18 59 56
19 59 102
20 59 80
21 59 67
22 59 67
23 59 67
24 59 67
25 59 67
26 59 67
27 59 67
28 59 67
29 59 67
30 59 67
31 59 67
32 59 67
33 59 70
34 59 94
35 59 94
36 59 94
37 59 94
38 59 102
39 59 102
40 59 102
41 59 102
42 59 102
43 59 102
44 59 102
45 59 102
46 59 102
47 59 102
48 59 102
49 59 102
50 59 102
51 59 102
52 59 102
53 59 102
54 59 102
55 59 102
56 59 102
57 59 102
58 59 102
59 59 102
60 59 102
61 59 102
62 59 102
63 59 102
64 59 83
65 59 102
66 59 102
67 59 102
68 59 148
69 59 148
70 59 148
71 59 148
72 59 148
73 59 148
74 59 148
75 59 148
76 59 148
77 59 148
78 59 148
79 59 148
80 59 148
81 59 148
82 59 148
83 59 148
84 59 148
85 59 96
86 59 96
87 59 96
88 59 45
89 59 0
90 59 0
91 59 0
92 59 0
0 60 0
1 60 0
2 60 0
3 60 0
4 60 0
5 60 0
6 60 0
7 60 0
8 60 45
9 60 45
10 60 45
11 60 45
12 60 51
13 60 56
14 60 56
15 60 56
16 60 56
17 60 56
18 60 56
19 60 102
20 60 80
21 60 67
22 60 67
23 60 67
24 60 67
25 60 67
26 60 67
27 60 67
28 60 67
29 60 67
30 60 67
31 60 67
32 60 67
33 60 70
34 60 94
35 60 94
36 60 94
37 60 94
38 60 102
39 60 102
40 60 102
41 60 102
42 60 102
43 60 102
44 60 102
45 60 102
46 60 102
47 60 102
48 60 102
49 60 102
50 60 102
51 60 102
52 60 102
53 60 102
54 60 102
55 60 102
56 60 102
57 60 102
58 60 102
59 60 102
60 60 102
61 60 102
62 60 102
63 60 102
64 60 83
65 60 102
66 60 102
67 60 102
68 60 148
69 60 148
70 60 148
71 60 148
72 60 148
73 60 148
74 60 148
75 60 148
76 60 148
77 60 148
78 60 148
79 60 148
80 60 148
81 60 148
82 60 148
83 60 148
84 60 148
85 60 96
86 60 96
87 60 96
88 60 45
89 60 0
90 60 0
91 60 0
92 60 0
0 61 0
1 61 0
2 61 0
3 61 0
4 61 0
5 61 0
6 61 0
7 61 0
8 61 45
9 61 45
10 61 45
11 61 45
12 61 51
13 61 56
14 61 56
15 61 56
16 61 56
17 61 56
18 61 56
19 61 102
20 61 80
21 61 67
22 61 67
23 61 67
24 61 67
25 61 67
26 61 67
27 61 67
28 61 67
29 61 67
30 61 67
31 61 67
32 61 67
33 61 70
34 61 94
35 61 94
36 61 94
37 61 94
38 61 102
39 61 102
40 61 102
41 61 102
42 61 102
43 61 102
44 61 102
45 61 102
46 61 102
47 61 102
48 61 102
49 61 102
50 61 102
51 61 102
52 61 102
53 61 102
54 61 102
55 61 102
56 61 102
57 61 102
58 61 102
59 61 102
60 61 102
61 61 102
62 61 102
63 61 102
64 61 83
65 61 102
66 61 102
67 61 102
68 61 148
69 61 148
70 61 148
71 61 148
72 61 148
73 61 148
74 61 148
75 61 148
76 61 148
77 61 148
78 61 148
79 61 148
80 61 148
81 61 148
82 61 148
83 61 148
84 61 148
85 61 96
86 61 96
87 61 96
88 61 45
89 61 0
90 61 0
91 61 0
92 61 0
0 62 0
1 62 0
2 62 0
3 62 0
4 62 0
5 62 0
6 62 0
7 62 0
8 62 45
9 62 45
10 62 45
11 62 45
12 62 51
13 62 56
14 62 56
15 62 56
16 62 56
17 62 56
18 62 56
19 62 102
20 62 80
21 62 67
22 62 67
23 62 67
24 62 67
25 62 67
26 62 67
27 62 67
28 62 67
29 62 67
30 62 67
31 62 67
32 62 67
33 62 70
34 62 94
35 62 94
36 62 94
37 62 94
38 62 102
39 62 102
40 62 102
41 62 102
42 62 102
43 62 102
44 62 102
45 62 102
46 62 102
47 62 102
48 62 102
49 62 102
50 62 102
51 62 102
52 62 102
53 62 102
54 62 102
55 62 102
56 62 102
57 62 102
58 62 102
59 62 102
60 62 102
61 62 102
62 62 102
63 62 102
64 62 83
65 62 102
66 62 102
67 62 102
68 62 148
69 62 148
70 62 148
71 62 148
72 62 148
73 62 148
74 62 148
75 62 148
76 62 148
77 62 148
78 62 148
79 62 148
80 62 148
81 62 148
82 62 148
83 62 148
84 62 148
85 62 96
86 62 96
87 62 96
88 62 45
89 62 0
90 62 0
91 62 0
92 62 0
0 63 0
1 63 0
2 63 0
3 63 0
4 63 0
5 63 0
6 63 0
7 63 0
8 63 45
9 63 45
10 63 45
11 63 45
12 63 51
13 63 56
14 63 56
15 63 56
16 63 56
17 63 56
18 63 56
19 63 102
20 63 80
21 63 67
22 63 67
23 63 67
24 63 67
25 63 67
26 63 67
27 63 67
28 63 67
29 63 67
30 63 67
31 63 67
32 63 67
33 63 70
34 63 94
35 63 94
36 63 94
37 63 94
38 63 102
39 63 102
40 63 102
41 63 102
42 63 102
43 63 102
44 63 102
45 63 102
46 63 102
47 63 102
48 63 102
49 63 102
50 63 102
51 63 102
52 63 102
53 63 102
54 63 102
55 63 102
56 63 102
57 63 102
58 63 102
59 63 102
60 63 102
61 63 102
62 63 102
63 63 102
64 63 83
65 63 102
66 63 102
67 63 102
68 63 148
69 63 148
70 63 148
71 63 148
72 63 148
73 63 148
74 63 148
75 63 148
76 63 148
77 63 148
78 63 148
79 63 148
80 63 148
81 63 148
82 63 148
83 63 148
84 63 148
85 63 96
86 63 96
87 63 96
88 63 45
89 63 0
90 63 0
91 63 0
92 63 0
0 64 0
1 64 0
2 64 0
3 64 0
4 64 0
5 64 0
6 64 0
7 64 0
8 64 45
9 64 45
10 64 45
11 64 45
12 64 51
13 64 56
14 64 56
15 64 56
16 64 56
17 64 56
18 64 56
19 64 102
20 64 80
21 64 80
22 64 80
23 64 80
24 64 80
25 64 80
26 64 80
27 64 80
28 64 80
29 64 80
30 64 80
31 64 80
32 64 80
33 64 83
34 64 94
35 64 94
36 64 94
37 64 94
38 64 102
39 64 102
40 64 102
41 64 102
42 64 102
43 64 102
44 64 102
45 64 102
46 64 102
47 64 102
48 64 102
49 64 102
50 64 102
51 64 102
52 64 102
53 64 102
54 64 102
55 64 102
56 64 102
57 64 102
58 64 102
59 64 102
60 64 102
61 64 102
62 64 102
63 64 102
64 64 83
65 64 102
66 64 102
67 64 102
68 64 148
69 64 148
70 64 148
71 64 148
72 64 148
73 64 148
74 64 148
75 64 148
76 64 148
77 64 148
78 64 148
79 64 148
80 64 148
81 64 148
82 64 148
83 64 148
84 64 148
85 64 96
86 64 96
87 64 96
88 64 45
89 64 0
90 64 0
91 64 0
92 64 0
0 65 0
1 65 0
2 65 0
3 65 0
4 65 0
5 65 0
6 65 0
7 65 0
8 65 45
9 65 45
10 65 45
11 65 45
12 65 51
13 65 56
14 65 56
15 65 56
16 65 56
17 65 56
18 65 56
19 65 102
20 65 80
21 65 80
22 65 80
23 65 80
24 65 80
25 65 80
26 65 80
27 65 80
28 65 80
29 65 80
30 65 80
31 65 80
32 65 80
33 65 83
34 65 94
35 65 94
36 65 94
37 65 94
38 65 102
39 65 102
40 65 102
41 65 102
42 65 102
43 65 102
44 65 102
45 65 102
46 65 102
47 65 102
48 65 102
49 65 102
50 65 102
51 65 102
52 65 102
53 65 102
54 65 102
55 65 102
56 65 102
57 65 102
58 65 102
59 65 102
60 65 102
61 65 102
62 65 102
63 65 102
64 65 83
65 65 102
66 65 102
67 65 102
68 65 148
69 65 148
70 65 148
71 65 148
72 65 148
73 65 148
74 65 148
75 65 148
76 65 148
77 65 148
78 65 148
79 65 148
80 65 148
81 65 148
82 65 148
83 65 148
84 65 148
85 65 96
86 65 96
87 65 96
88 65 45
89 65 0
90 65 0
91 65 0
92 65 0
0 66 0
1 66 0
2 66 0
3 66 0
4 66 0
5 66 0
6 66 0
7 66 0
8 66 45
9 66 45
10 66 45
11 66 45
12 66 51
13 66 56
14 66 56
15 66 56
16 66 56
17 66 56
18 66 56
19 66 102
20 66 80
21 66 80
22 66 80
23 66 80
24 66 80
25 66 80
26 66 80
27 66 80
28 66 80
29 66 80
30 66 80
31 66 80
32 66 80
33 66 83
34 66 83
35 66 92
36 66 92
37 66 92
38 66 102
39 66 102
40 66 102
41 66 102
42 66 102
43 66 102
44 66 102
45 66 102
46 66 102
47 66 102
48 66 102
49 66 102
50 66 102
51 66 102
52 66 102
53 66 102
54 66 102
55 66 102
56 66 102
57 66 102
58 66 102
59 66 102
60 66 102
61 66 102
62 66 102
63 66 102
64 66 83
65 66 102
66 66 102
67 66 102
68 66 148
69 66 148
70 66 148
71 66 148
72 66 148
73 66 148
74 66 148
75 66 148
76 66 148
77 66 148
78 66 148
79 66 148
80 66 148
81 66 148
82 66 148
83 66 148
84 66 148
85 66 96
86 66 96
87 66 96
88 66 45
89 66 0
90 66 0
91 66 0
92 66 0
0 67 0
1 67 0
2 67 0
3 67 0
4 67 0
5 67 0
6 67 0
7 67 0
8 67 45
9 67 45
10 67 45
11 67 45
12 67 45
13 67 96
14 67 100
15 67 100
16 67 100
17 67 100
18 67 100
19 67 75
20 67 107
21 67 107
22 67 107
23 67 107
24 67 107
25 67 107
26 67 107
27 67 107
28 67 107
29 67 107
30 67 107
31 67 107
32 67 107
33 67 110
34 67 110
35 67 119
36 67 119
37 67 119
38 67 129
39 67 129
40 67 129
41 67 129
42 67 129
43 67 129
44 67 129
45 67 129
46 67 129
47 67 129
48 67 129
49 67 129
50 67 129
51 67 129
52 67 129
53 67 129
54 67 129
55 67 129
56 67 129
57 67 129
58 67 129
59 67 129
60 67 129
61 67 129
62 67 129
63 67 129
64 67 83
65 67 102
66 67 102
67 67 102
68 67 148
69 67 148
70 67 148
71 67 148
72 67 148
73 67 148
74 67 148
75 67 148
76 67 148
77 67 148
78 67 148
79 67 148
80 67 148
81 67 148
82 67 148
83 67 148
84 67 148
85 67 96
86 67 96
87 67 96
88 67 45
89 67 0
90 67 0
91 67 0
92 67 0
0 68 0
1 68 0
2 68 0
3 68 0
4 68 0
5 68 0
6 68 0
7 68 0
8 68 45
9 68 45
10 68 45
11 68 45
12 68 45
13 68 96
14 68 100
15 68 100
16 68 100
17 68 100
18 68 100
19 68 75
20 68 107
21 68 107
22 68 107
23 68 107
24 68 107
25 68 107
26 68 107
27 68 107
28 68 107
29 68 107
30 68 107
31 68 107
32 68 107
33 68 110
34 68 110
35 68 119
36 68 119
37 68 119
38 68 129
39 68 129
40 68 129
41 68 129
42 68 129
43 68 129
44 68 129
45 68 129
46 68 129
47 68 129
48 68 129
49 68 129
50 68 129
51 68 129
52 68 129
53 68 129
54 68 129
55 68 129
56 68 129
57 68 129
58 68 129
59 68 129
60 68 129
61 68 129
62 68 129
63 68 129
64 68 83
65 68 102
66 68 102
67 68 102
68 68 148
69 68 148
70 68 148
71 68 148
72 68 148
73 68 148
74 68 148
75 68 148
76 68 148
77 68 148
78 68 148
79 68 148
80 68 148
81 68 148
82 68 148
83 68 148
84 68 148
85 68 96
86 68 96
87 68 96
88 68 45
89 68 0
90 68 0
91 68 0
92 68 0
0 69 0
1 69 0
2 69 0
3 69 0
4 69 0
5 69 0
6 69 0
7 69 0
8 69 45
9 69 45
10 69 45
11 69 45
12 69 45
13 69 96
14 69 100
15 69 100
16 69 100
17 69 100
18 69 100
19 69 75
20 69 107
21 69 107
22 69 107
23 69 107
24 69 107
25 69 107
26 69 107
27 69 107
28 69 107
29 69 107
30 69 107
31 69 107
32 69 107
33 69 110
34 69 110
35 69 119
36 69 119
37 69 119
38 69 129
39 69 129
40 69 129
41 69 129
42 69 129
43 69 129
44 69 129
45 69 129
46 69 129
47 69 129
48 69 129
49 69 129
50 69 129
51 69 129
52 69 129
53 69 129
54 69 129
55 69 129
56 69 129
57 69 129
58 69 129
59 69 129
60 69 129
61 69 129
62 69 129
63 69 129
64 69 83
65 69 102
66 69 102
67 69 102
68 69 148
69 69 148
70 69 148
71 69 148
72 69 148
73 69 148
74 69 148
75 69 148
76 69 148
77 69 148
78 69 148
79 69 148
80 69 148
81 69 148
82 69 148
83 69 148
84 69 148
85 69 96
86 69 96
87 69 96
88 69 45
89 69 0
90 69 0
91 69 0
92 69 0
0 70 0
1 70 0
2 70 0
3 70 0
4 70 0
5 70 0
6 70 0
7 70 0
8 70 45
9 70 45
10 70 45
11 70 45
12 70 45
13 70 96
14 70 96
15 70 96
16 70 96
17 70 96
18 70 96
19 70 75
20 70 107
21 70 107
22 70 107
23 70 107
24 70 107
25 70 107
26 70 107
27 70 107
28 70 107
29 70 107
30 70 107
31 70 107
32 70 107
33 70 110
34 70 110
35 70 119
36 70 119
37 70 119
38 70 129
39 70 129
40 70 129
41 70 129
42 70 129
43 70 129
44 70 129
45 70 129
46 70 129
47 70 129
48 70 129
49 70 129
50 70 129
51 70 129
52 70 129
53 70 129
54 70 129
55 70 129
56 70 129
57 70 129
58 70 129
59 70 129
60 70 129
61 70 129
62 70 129
63 70 129
64 70 83
65 70 102
66 70 102
67 70 102
68 70 148
69 70 148
70 70 148
71 70 148
72 70 148
73 70 148
74 70 148
75 70 148
76 70 148
77 70 148
78 70 148
79 70 148
80 70 148
81 70 148
82 70 148
83 70 148
84 70 148
85 70 96
86 70 96
87 70 96
88 70 45
89 70 0
90 70 0
91 70 0
92 70 0
0 71 0
1 71 0
2 71 0
3 71 0
4 71 0
5 71 0
6 71 0
7 71 0
8 71 45
9 71 45
10 71 45
11 71 45
12 71 45
13 71 96
14 71 96
15 71 96
16 71 96
17 71 96
18 71 96
19 71 75
20 71 107
21 71 107
22 71 107
23 71 107
24 71 107
25 71 107
26 71 107
27 71 107
28 71 107
29 71 107
30 71 107
31 71 107
32 71 107
33 71 110
34 71 110
35 71 119
36 71 119
37 71 119
38 71 129
39 71 129
40 71 129
41 71 129
42 71 129
43 71 129
44 71 129
45 71 129
46 71 129
47 71 129
48 71 129
49 71 129
50 71 129
51 71 129
52 71 129
53 71 129
54 71 129
55 71 129
56 71 129
57 71 129
58 71 129
59 71 129
60 71 129
61 71 129
62 71 129
63 71 129
64 71 83
65 71 102
66 71 102
67 71 102
68 71 148
69 71 148
70 71 148
71 71 148
72 71 148
73 71 148
74 71 148
75 71 148
76 71 148
77 71 148
78 71 148
79 71 148
80 71 148
81 71 148
82 71 148
83 71 148
84 71 148
85 71 96
86 71 96
87 71 96
88 71 45
89 71 0
90 71 0
91 71 0
92 71 0
0 72 0
1 72 0
2 72 0
3 72 0
4 72 0
5 72 0
6 72 0
7 72 0
8 72 45
9 72 45
10 72 45
11 72 45
12 72 45
13 72 96
14 72 96
15 72 96
16 72 96
17 72 96
18 72 96
19 72 75
20 72 107
21 72 107
22 72 107
23 72 107
24 72 107
25 72 107
26 72 107
27 72 107
28 72 107
29 72 107
30 72 107
31 72 107
32 72 107
33 72 110
34 72 110
35 72 119
36 72 119
37 72 119
38 72 129
39 72 129
40 72 129
41 72 129
42 72 129
43 72 129
44 72 129
45 72 129
46 72 129
47 72 129
48 72 129
49 72 129
50 72 129
51 72 129
52 72 129
53 72 129
54 72 129
55 72 129
56 72 129
57 72 129
58 72 129
59 72 129
60 72 129
61 72 129
62 72 129
63 72 129
64 72 83
65 72 102
66 72 102
67 72 102
68 72 148
69 72 148
70 72 148
71 72 148
72 72 148
73 72 148
74 72 148
75 72 148
76 72 148
77 72 148
78 72 148
79 72 148
80 72 148
81 72 148
82 72 148
83 72 148
84 72 148
85 72 96
86 72 96
87 72 96
88 72 45
89 72 0
90 72 0
91 72 0
92 72 0
0 73 0
1 73 0
2 73 0
3 73 0
4 73 0
5 73 0
6 73 0
7 73 0
8 73 45
9 73 45
10 73 45
11 73 45
12 73 45
13 73 90
14 73 96
15 73 96
16 73 96
17 73 96
18 73 96
19 73 75
20 73 107
21 73 107
22 73 107
23 73 107
24 73 107
25 73 107
26 73 107
27 73 107
28 73 107
29 73 107
30 73 107
31 73 107
32 73 107
33 73 110
34 73 110
35 73 119
36 73 119
37 73 119
38 73 129
39 73 129
40 73 129
41 73 129
42 73 129
43 73 129
44 73 129
45 73 129
46 73 129
47 73 129
48 73 129
49 73 129
50 73 129
51 73 129
52 73 129
53 73 129
54 73 129
55 73 129
56 73 129
57 73 129
58 73 129
59 73 129
60 73 129
61 73 129
62 73 129
63 73 129
64 73 83
65 73 102
66 73 102
67 73 102
68 73 148
69 73 148
70 73 148
71 73 148
72 73 148
73 73 148
74 73 148
75 73 148
76 73 148
77 73 148
78 73 148
79 73 148
80 73 148
81 73 148
82 73 148
83 73 148
84 73 148
85 73 96
86 73 96
87 73 96
88 73 45
89 73 0
90 73 0
91 73 0
92 73 0
0 74 0
1 74 0
2 74 0
3 74 0
4 74 0
5 74 0
6 74 0
7 74 0
8 74 45
9 74 45
10 74 45
11 74 45
12 74 45
13 74 90
14 74 96
15 74 96
16 74 96
17 74 96
18 74 96
19 74 75
20 74 107
21 74 107
22 74 107
23 74 107
24 74 107
25 74 107
26 74 107
27 74 107
28 74 107
29 74 107
30 74 107
31 74 107
32 74 107
33 74 110
34 74 110
35 74 119
36 74 119
37 74 119
38 74 129
39 74 129
40 74 129
41 74 129
42 74 129
43 74 129
44 74 129
45 74 129
46 74 129
47 74 129
48 74 129
49 74 129
50 74 129
51 74 129
52 74 129
53 74 129
54 74 129
55 74 129
56 74 129
57 74 129
58 74 129
59 74 129
60 74 129
61 74 129
62 74 129
63 74 129
64 74 83
65 74 102
66 74 102
67 74 102
68 74 148
69 74 148
70 74 148
71 74 148
72 74 148
73 74 148
74 74 148
75 74 148
76 74 148
77 74 148
78 74 148
79 74 148
80 74 148
81 74 148
82 74 148
83 74 148
84 74 148
85 74 96
86 74 96
87 74 96
88 74 45
89 74 0
90 74 0
91 74 0
92 74 0
0 75 0
1 75 0
2 75 0
3 75 0
4 75 0
5 75 0
6 75 0
7 75 0
8 75 45
9 75 45
10 75 45
11 75 45
12 75 45
13 75 90
14 75 96
15 75 96
16 75 96
17 75 96
18 75 96
19 75 75
20 75 107
21 75 107
22 75 107
23 75 107
24 75 107
25 75 107
26 75 107
27 75 107
28 75 107
29 75 107
30 75 107
31 75 107
32 75 107
33 75 110
34 75 110
35 75 119
36 75 119
37 75 119
38 75 129
39 75 129
40 75 129
41 75 129
42 75 129
43 75 129
44 75 129
45 75 129
46 75 129
47 75 129
48 75 129
49 75 129
50 75 129
51 75 129
52 75 129
53 75 129
54 75 129
55 75 129
56 75 129
57 75 129
58 75 129
59 75 129
60 75 129
61 75 129
62 75 129
63 75 129
64 75 83
65 75 102
66 75 102
67 75 102
68 75 148
69 75 148
70 75 148
71 75 148
72 75 148
73 75 148
74 75 148
75 75 148
76 75 148
77 75 148
78 75 148
79 75 148
80 75 148
81 75 148
82 75 148
83 75 148
84 75 148
85 75 96
86 75 96
87 75 96
88 75 45
89 75 0
90 75 0
91 75 0
92 75 0
0 76 0
1 76 0
2 76 0
3 76 0
4 76 0
5 76 0
6 76 0
7 76 0
8 76 45
9 76 45
10 76 45
11 76 45
12 76 45
13 76 90
14 76 96
15 76 96
16 76 96
17 76 96
18 76 96
19 76 75
20 76 107
21 76 107
22 76 107
23 76 107
24 76 107
25 76 107
26 76 107
27 76 107
28 76 107
29 76 107
30 76 107
31 76 107
32 76 107
33 76 110
34 76 110
35 76 119
36 76 119
37 76 119
38 76 129
39 76 129
40 76 129
41 76 129
42 76 129
43 76 129
44 76 129
45 76 129
46 76 129
47 76 129
48 76 129
49 76 129
50 76 129
51 76 129
52 76 129
53 76 129
54 76 129
55 76 129
56 76 129
57 76 129
58 76 129
59 76 129
60 76 129
61 76 129
62 76 129
63 76 129
64 76 83
65 76 102
66 76 102
67 76 102
68 76 148
69 76 148
70 76 148
71 76 148
72 76 148
73 76 148
74 76 148
75 76 148
76 76 148
77 76 148
78 76 148
79 76 148
80 76 148
81 76 148
82 76 148
83 76 148
84 76 148
85 76 96
86 76 96
87 76 96
88 76 45
89 76 0
90 76 0
91 76 0
92 76 0
0 77 0
1 77 0
2 77 0
3 77 0
4 77 0
5 77 0
6 77 0
7 77 0
8 77 45
9 77 45
10 77 45
11 77 45
12 77 45
13 77 90
14 77 96
15 77 96
16 77 96
17 77 96
18 77 96
19 77 75
20 77 107
21 77 107
22 77 107
23 77 107
24 77 107
25 77 107
26 77 107
27 77 107
28 77 107
29 77 107
30 77 107
31 77 107
32 77 107
33 77 110
34 77 110
35 77 119
36 77 119
37 77 119
38 77 129
39 77 129
40 77 129
41 77 129
42 77 129
43 77 129
44 77 129
45 77 129
46 77 129
47 77 129
48 77 129
49 77 129
50 77 129
51 77 129
52 77 129
53 77 129
54 77 129
55 77 129
56 77 129
57 77 129
58 77 129
59 77 129
60 77 129
61 77 129
62 77 129
63 77 129
64 77 83
65 77 102
66 77 102
67 77 102
68 77 148
69 77 148
70 77 148
71 77 148
72 77 148
73 77 148
74 77 148
75 77 148
76 77 148
77 77 148
78 77 148
79 77 148
80 77 148
81 77 148
82 77 148
83 77 148
84 77 148
85 77 96
86 77 96
87 77 96
88 77 45
89 77 0
90 77 0
91 77 0
92 77 0
0 78 0
1 78 0
2 78 0
3 78 0
4 78 0
5 78 0
6 78 0
7 78 0
8 78 45
9 78 45
10 78 45
11 78 45
12 78 45
13 78 90
14 78 96
15 78 96
16 78 96
17 78 96
18 78 96
19 78 96
20 78 61
21 78 61
22 78 61
23 78 61
24 78 61
25 78 61
26 78 61
27 78 61
28 78 61
29 78 61
30 78 61
31 78 61
32 78 61
33 78 64
34 78 64
35 78 73
36 78 73
37 78 73
38 78 83
39 78 83
40 78 83
41 78 83
42 78 83
43 78 83
44 78 83
45 78 83
46 78 83
47 78 83
48 78 83
49 78 83
50 78 83
51 78 83
52 78 83
53 78 83
54 78 83
55 78 83
56 78 83
57 78 83
58 78 83
59 78 83
60 78 83
61 78 83
62 78 83
63 78 83
64 78 83
65 78 102
66 78 102
67 78 102
68 78 148
69 78 148
70 78 148
71 78 148
72 78 148
73 78 148
74 78 148
75 78 148
76 78 148
77 78 148
78 78 148
79 78 148
80 78 148
81 78 148
82 78 148
83 78 148
84 78 148
85 78 96
86 78 96
87 78 96
88 78 45
89 78 0
90 78 0
91 78 0
92 78 0
0 79 0
1 79 0
2 79 0
3 79 0
4 79 0
5 79 0
6 79 0
7 79 0
8 79 45
9 79 45
10 79 45
11 79 45
12 79 45
13 79 90
14 79 96
15 79 96
16 79 96
17 79 96
18 79 96
19 79 96
20 79 96
21 79 96
22 79 96
23 79 96
24 79 96
25 79 96
26 79 96
27 79 96
28 79 96
29 79 96
30 79 96
31 79 96
32 79 96
33 79 59
34 79 59
35 79 68
36 79 68
37 79 68
38 79 68
39 79 68
40 79 68
41 79 68
42 79 68
43 79 68
44 79 68
45 79 68
46 79 68
47 79 68
48 79 68
49 79 68
50 79 68
51 79 68
52 79 68
53 79 68
54 79 68
55 79 68
56 79 68
57 79 63
58 79 63
59 79 63
60 79 63
61 79 63
62 79 63
63 79 63
64 79 63
65 79 63
66 79 63
67 79 63
68 79 97
69 79 97
70 79 97
71 79 97
72 79 97
73 79 97
74 79 97
75 79 97
76 79 97
77 79 97
78 79 97
79 79 97
80 79 97
81 79 97
82 79 97
83 79 97
84 79 97
85 79 45
86 79 45
87 79 45
88 79 45
89 79 0
90 79 0
91 79 0
92 79 0
0 80 0
1 80 0
2 80 0
3 80 0
4 80 0
5 80 0
6 80 0
7 80 0
8 80 45
9 80 45
10 80 45
11 80 45
12 80 45
13 80 45
14 80 45
15 80 45
16 80 45
17 80 45
18 80 45
19 80 45
20 80 45
21 80 45
22 80 45
23 80 45
24 80 45
25 80 45
26 80 45
27 80 45
28 80 45
29 80 45
30 80 45
31 80 45
32 80 45
33 80 97
34 80 97
35 80 142
36 80 142
37 80 142
38 80 142
39 80 142
40 80 142
41 80 142
42 80 142
43 80 142
44 80 142
45 80 142
46 80 142
47 80 142
48 80 142
49 80 142
50 80 142
51 80 142
52 80 142
53 80 142
54 80 142
55 80 142
56 80 142
57 80 97
58 80 97
59 80 97
60 80 97
61 80 97
62 80 97
63 80 97
64 80 97
65 80 97
66 80 97
67 80 97
68 80 97
69 80 97
70 80 97
71 80 97
72 80 97
73 80 97
74 80 97
75 80 97
76 80 97
77 80 97
78 80 97
79 80 97
80 80 97
81 80 97
82 80 97
83 80 97
84 80 97
85 80 45
86 80 45
87 80 45
88 80 45
89 80 0
90 80 0
91 80 0
92 80 0
0 81 0
1 81 0
2 81 0
3 81 0
4 81 0
5 81 0
6 81 0
7 81 0
8 81 45
9 81 45
10 81 45
11 81 45
12 81 45
13 81 45
14 81 45
15 81 45
16 81 45
17 81 45
18 81 45
19 81 45
20 81 45
21 81 45
22 81 45
23 81 45
24 81 45
25 81 45
26 81 45
27 81 45
28 81 45
29 81 45
30 81 45
31 81 45
32 81 45
33 81 97
34 81 97
35 81 142
36 81 142
37 81 142
38 81 142
39 81 142
40 81 142
41 81 142
42 81 142
43 81 142
44 81 142
45 81 142
46 81 142
47 81 142
48 81 142
49 81 142
50 81 142
51 81 142
52 81 142
53 81 142
54 81 142
55 81 142
56 81 142
57 81 97
58 81 97
59 81 97
60 81 97
61 81 97
62 81 97
63 81 97
64 81 97
65 81 97
66 81 97
67 81 97
68 81 97
69 81 97
70 81 97
71 81 97
72 81 97
73 81 97
74 81 97
75 81 97
76 81 97
77 81 97
78 81 97
79 81 97
80 81 97
81 81 97
82 81 97
83 81 97
84 81 97
85 81 45
86 81 45
87 81 45
88 81 45
89 81 0
90 81 0
91 81 0
92 81 0
0 82 0
1 82 0
2 82 0
3 82 0
4 82 0
5 82 0
6 82 0
7 82 0
8 82 45
9 82 45
10 82 45
11 82 45
12 82 45
13 82 45
14 82 45
15 82 45
16 82 45
17 82 45
18 82 45
19 82 45
20 82 45
21 82 45
22 82 45
23 82 45
24 82 45
25 82 45
26 82 45
27 82 45
28 82 45
29 82 45
30 82 45
31 82 45
32 82 45
33 82 97
34 82 97
35 82 142
36 82 142
37 82 142
38 82 142
39 82 142
40 82 142
41 82 142
42 82 142
43 82 142
44 82 142
45 82 142
46 82 142
47 82 142
48 82 142
49 82 142
50 82 142
51 82 142
52 82 142
53 82 142
54 82 142
55 82 142
56 82 142
57 82 97
58 82 97
59 82 97
60 82 97
61 82 97
62 82 97
63 82 97
64 82 97
65 82 97
66 82 97
67 82 97
68 82 97
69 82 97
70 82 97
71 82 97
72 82 97
73 82 97
74 82 97
75 82 97
76 82 97
77 82 97
78 82 97
79 82 97
80 82 97
81 82 97
82 82 97
83 82 97
84 82 97
85 82 45
86 82 45
87 82 45
88 82 45
89 82 0
90 82 0
91 82 0
92 82 0
0 83 0
1 83 0
2 83 0
3 83 0
4 83 0
5 83 0
6 83 0
7 83 0
8 83 45
9 83 45
10 83 45
11 83 45
12 83 45
13 83 45
14 83 45
15 83 45
16 83 45
17 83 45
18 83 45
19 83 45
20 83 45
21 83 45
22 83 45
23 83 45
24 83 45
25 83 45
26 83 45
27 83 45
28 83 45
29 83 45
30 83 45
31 83 45
32 83 45
33 83 97
34 83 97
35 83 142
36 83 142
37 83 142
38 83 142
39 83 142
40 83 142
41 83 142
42 83 142
43 83 142
44 83 142
45 83 142
46 83 142
47 83 142
48 83 142
49 83 142
50 83 142
51 83 142
52 83 142
53 83 142
54 83 142
55 83 142
56 83 142
57 83 97
58 83 97
59 83 97
60 83 97
61 83 97
62 83 97
63 83 97
64 83 97
65 83 97
66 83 97
67 83 97
68 83 97
69 83 97
70 83 97
71 83 97
72 83 97
73 83 97
74 83 97
75 83 97
76 83 97
77 83 97
78 83 97
79 83 97
80 83 97
81 83 97
82 83 97
83 83 97
84 83 97
85 83 45
86 83 45
87 83 45
88 83 45
89 83 0
90 83 0
91 83 0
92 83 0
0 84 0
1 84 0
2 84 0
3 84 0
4 84 0
5 84 0
6 84 0
7 84 0
8 84 45
9 84 45
10 84 45
11 84 45
12 84 45
13 84 45
14 84 45
15 84 45
16 84 45
17 84 45
18 84 45
19 84 45
20 84 45
21 84 45
22 84 45
23 84 45
24 84 45
25 84 45
26 84 45
27 84 45
28 84 45
29 84 45
30 84 45
31 84 45
32 84 45
33 84 97
34 84 97
35 84 142
36 84 142
37 84 142
38 84 142
39 84 142
40 84 142
41 84 142
42 84 142
43 84 142
44 84 142
45 84 142
46 84 142
47 84 142
48 84 142
49 84 142
50 84 142
51 84 142
52 84 142
53 84 142
54 84 142
55 84 142
56 84 142
57 84 97
58 84 97
59 84 97
60 84 97
61 84 97
62 84 97
63 84 97
64 84 97
65 84 97
66 84 97
67 84 97
68 84 97
69 84 97
70 84 97
71 84 97
72 84 97
73 84 97
74 84 97
75 84 97
76 84 97
77 84 97
78 84 97
79 84 97
80 84 97
81 84 97
82 84 97
83 84 97
84 84 97
85 84 45
86 84 45
87 84 45
88 84 45
89 84 0
90 84 0
91 84 0
92 84 0
0 85 0
1 85 0
2 85 0
3 85 0
4 85 0
5 85 0
6 85 0
7 85 0
8 85 45
9 85 45
10 85 45
11 85 45
12 85 45
13 85 45
14 85 45
15 85 45
16 85 45
17 85 45
18 85 45
19 85 45
20 85 45
21 85 45
22 85 45
23 85 45
24 85 45
25 85 45
26 85 45
27 85 45
28 85 45
29 85 45
30 85 45
31 85 45
32 85 45
33 85 45
34 85 45
35 85 90
36 85 90
37 85 90
38 85 90
39 85 90
40 85 90
41 85 90
42 85 90
43 85 90
44 85 90
45 85 90
46 85 90
47 85 90
48 85 90
49 85 90
50 85 90
51 85 90
52 85 90
53 85 90
54 85 90
55 85 90
56 85 90
57 85 45
58 85 45
59 85 45
60 85 45
61 85 45
62 85 45
63 85 45
64 85 45
65 85 45
66 85 45
67 85 45
68 85 45
69 85 45
70 85 45
71 85 45
72 85 45
73 85 45
74 85 45
75 85 45
76 85 45
77 85 45
78 85 45
79 85 45
80 85 45
81 85 45
82 85 45
83 85 45
84 85 45
85 85 45
86 85 45
87 85 45
88 85 45
89 85 0
90 85 0
91 85 0
92 85 0
0 86 0
1 86 0
2 86 0
3 86 0
4 86 0
5 86 0
6 86 0
7 86 0
8 86 45
9 86 45
10 86 45
11 86 45
12 86 45
13 86 45
14 86 45
15 86 45
16 86 45
17 86 45
18 86 45
19 86 45
20 86 45
21 86 45
22 86 45
23 86 45
24 86 45
25 86 45
26 86 45
27 86 45
28 86 45
29 86 45
30 86 45
31 86 45
32 86 45
33 86 45
34 86 45
35 86 90
36 86 90
37 86 90
38 86 90
39 86 90
40 86 90
41 86 90
42 86 90
43 86 90
44 86 90
45 86 90
46 86 90
47 86 90
48 86 90
49 86 90
50 86 90
51 86 90
52 86 90
53 86 90
54 86 90
55 86 90
56 86 90
57 86 45
58 86 45
59 86 45
60 86 45
61 86 45
62 86 45
63 86 45
64 86 45
65 86 45
66 86 45
67 86 45
68 86 45
69 86 45
70 86 45
71 86 45
72 86 45
73 86 45
74 86 45
75 86 45
76 86 45
77 86 45
78 86 45
79 86 45
80 86 45
81 86 45
82 86 45
83 86 45
84 86 45
85 86 45
86 86 45
87 86 45
88 86 45
89 86 0
90 86 0
91 86 0
92 86 0
0 87 0
1 87 0
2 87 0
3 87 0
4 87 0
5 87 0
6 87 0
7 87 0
8 87 45
9 87 45
10 87 45
11 87 45
12 87 45
13 87 45
14 87 45
15 87 45
16 87 45
17 87 45
18 87 45
19 87 45
20 87 45
21 87 45
22 87 45
23 87 45
24 87 45
25 87 45
26 87 45
27 87 45
28 87 45
29 87 45
30 87 45
31 87 45
32 87 45
33 87 45
34 87 45
35 87 90
36 87 90
37 87 90
38 87 90
39 87 90
40 87 90
41 87 90
42 87 90
43 87 90
44 87 90
45 87 90
46 87 90
47 87 90
48 87 90
49 87 90
50 87 90
51 87 90
52 87 90
53 87 90
54 87 90
55 87 90
56 87 90
57 87 45
58 87 45
59 87 45
60 87 45
61 87 45
62 87 45
63 87 45
64 87 45
65 87 45
66 87 45
67 87 45
68 87 45
69 87 45
70 87 45
71 87 45
72 87 45
73 87 45
74 87 45
75 87 45
76 87 45
77 87 45
78 87 45
79 87 45
80 87 45
81 87 45
82 87 45
83 87 45
84 87 45
85 87 45
86 87 45
87 87 45
88 87 45
89 87 0
90 87 0
91 87 0
92 87 0
0 88 0
1 88 0
2 88 0
3 88 0
4 88 0
5 88 0
6 88 0
7 88 0
8 88 45
9 88 45
10 88 45
11 88 45
12 88 45
13 88 45
14 88 45
15 88 45
16 88 45
17 88 45
18 88 45
19 88 45
20 88 45
21 88 45
22 88 45
23 88 45
24 88 45
25 88 45
26 88 45
27 88 45
28 88 45
29 88 45
30 88 45
31 88 45
32 88 45
33 88 45
34 88 45
35 88 90
36 88 90
37 88 90
38 88 90
39 88 90
40 88 90
41 88 90
42 88 90
43 88 90
44 88 90
45 88 90
46 88 90
47 88 90
48 88 90
49 88 90
50 88 90
51 88 90
52 88 90
53 88 90
54 88 90
55 88 90
56 88 90
57 88 45
58 88 45
59 88 45
60 88 45
61 88 45
62 88 45
63 88 45
64 88 45
65 88 45
66 88 45
67 88 45
68 88 45
69 88 45
70 88 45
71 88 45
72 88 45
73 88 45
74 88 45
75 88 45
76 88 45
77 88 45
78 88 45
79 88 45
80 88 45
81 88 45
82 88 45
83 88 45
84 88 45
85 88 45
86 88 45
87 88 45
88 88 45
89 88 0
90 88 0
91 88 0
92 88 0
0 89 0
1 89 0
2 89 0
3 89 0
4 89 0
5 89 0
6 89 0
7 89 0
8 89 45
9 89 45
10 89 45
11 89 45
12 89 45
13 89 45
14 89 45
15 89 45
16 89 45
17 89 45
18 89 45
19 89 45
20 89 45
21 89 45
22 89 45
23 89 45
24 89 45
25 89 45
26 89 45
27 89 45
28 89 45
29 89 45
30 89 45
31 89 45
32 89 45
33 89 45
34 89 45
35 89 90
36 89 90
37 89 90
38 89 90
39 89 90
40 89 90
41 89 90
42 89 90
43 89 90
44 89 90
45 89 90
46 89 90
47 89 90
48 89 90
49 89 90
50 89 90
51 89 90
52 89 90
53 89 90
54 89 90
55 89 90
56 89 90
57 89 45
58 89 45
59 89 45
60 89 45
61 89 45
62 89 45
63 89 45
64 89 45
65 89 45
66 89 45
67 89 45
68 89 45
69 89 45
70 89 45
71 89 45
72 89 45
73 89 45
74 89 45
75 89 45
76 89 45
77 89 45
78 89 45
79 89 45
80 89 45
81 89 45
82 89 45
83 89 45
84 89 45
85 89 45
86 89 45
87 89 45
88 89 45
89 89 0
90 89 0
91 89 0
92 89 0
0 90 0
1 90 0
2 90 0
3 90 0
4 90 0
5 90 0
6 90 0
7 90 0
8 90 45
9 90 45
10 90 45
11 90 45
12 90 45
13 90 45
14 90 45
15 90 45
16 90 45
17 90 45
18 90 45
19 90 45
20 90 45
21 90 45
22 90 45
23 90 45
24 90 45
25 90 45
26 90 45
27 90 45
28 90 45
29 90 45
30 90 45
31 90 45
32 90 45
33 90 45
34 90 45
35 90 90
36 90 90
37 90 90
38 90 90
39 90 90
40 90 90
41 90 90
42 90 90
43 90 90
44 90 90
45 90 90
46 90 90
47 90 90
48 90 90
49 90 90
50 90 90
51 90 90
52 90 90
53 90 90
54 90 90
55 90 90
56 90 90
57 90 45
58 90 45
59 90 45
60 90 45
61 90 45
62 90 45
63 90 45
64 90 45
65 90 45
66 90 45
67 90 45
68 90 45
69 90 45
70 90 45
71 90 45
72 90 45
73 90 45
74 90 45
75 90 45
76 90 45
77 90 45
78 90 45
79 90 45
80 90 45
81 90 45
82 90 45
83 90 45
84 90 45
85 90 45
86 90 45
87 90 45
88 90 45
89 90 0
90 90 0
91 90 0
92 90 0
0 91 0
1 91 0
2 91 0
3 91 0
4 91 0
5 91 0
6 91 0
7 91 0
8 91 45
9 91 45
10 91 45
11 91 45
12 91 45
13 91 45
14 91 45
15 91 45
16 91 45
17 91 45
18 91 45
19 91 45
20 91 45
21 91 45
22 91 45
23 91 45
24 91 45
25 91 45
26 91 45
27 91 45
28 91 45
29 91 45
30 91 45
31 91 45
32 91 45
33 91 45
34 91 45
35 91 90
36 91 90
37 91 90
38 91 90
39 91 90
40 91 90
41 91 90
42 91 90
43 91 90
44 91 90
45 91 90
46 91 90
47 91 90
48 91 90
49 91 90
50 91 90
51 91 90
52 91 90
53 91 90
54 91 90
55 91 90
56 91 90
57 91 45
58 91 45
59 91 45
60 91 45
61 91 45
62 91 45
63 91 45
64 91 45
65 91 45
66 91 45
67 91 45
68 91 45
69 91 45
70 91 45
71 91 45
72 91 45
73 91 45
74 91 45
75 91 45
76 91 45
77 91 45
78 91 45
79 91 45
80 91 45
81 91 45
82 91 45
83 91 45
84 91 45
85 91 45
86 91 45
87 91 45
88 91 45
89 91 0
90 91 0
91 91 0
92 91 0
0 92 0
1 92 0
2 92 0
3 92 0
4 92 0
5 92 0
6 92 0
7 92 0
8 92 45
9 92 45
10 92 45
11 92 45
12 92 45
13 92 45
14 92 45
15 92 45
16 92 45
17 92 45
18 92 45
19 92 45
20 92 45
21 92 45
22 92 45
23 92 45
24 92 45
25 92 45
26 92 45
27 92 45
28 92 45
29 92 45
30 92 45
31 92 45
32 92 45
33 92 45
34 92 45
35 92 90
36 92 90
37 92 90
38 92 90
39 92 90
40 92 90
41 92 90
42 92 90
43 92 90
44 92 90
45 92 90
46 92 90
47 92 90
48 92 90
49 92 90
50 92 90
51 92 90
52 92 90
53 92 90
54 92 90
55 92 90
56 92 90
57 92 45
58 92 45
59 92 45
60 92 45
61 92 45
62 92 45
63 92 45
64 92 45
65 92 45
66 92 45
67 92 45
68 92 45
69 92 45
70 92 45
71 92 45
72 92 45
73 92 45
74 92 45
75 92 45
76 92 45
77 92 45
78 92 45
79 92 45
80 92 45
81 92 45
82 92 45
83 92 45
84 92 45
85 92 45
86 92 45
87 92 45
88 92 45
89 92 0
90 92 0
91 92 0
92 92 0
0 93 0
1 93 0
2 93 0
3 93 0
4 93 0
5 93 0
6 93 0
7 93 0
8 93 45
9 93 45
10 93 45
11 93 45
12 93 45
13 93 45
14 93 45
15 93 45
16 93 45
17 93 45
18 93 45
19 93 45
20 93 45
21 93 45
22 93 45
23 93 45
24 93 45
25 93 45
26 93 45
27 93 45
28 93 45
29 93 45
30 93 45
31 93 45
32 93 45
33 93 45
34 93 45
35 93 90
36 93 90
37 93 90
38 93 90
39 93 90
40 93 90
41 93 90
42 93 90
43 93 90
44 93 90
45 93 90
46 93 90
47 93 90
48 93 90
49 93 90
50 93 90
51 93 90
52 93 90
53 93 90
54 93 90
55 93 90
56 93 90
57 93 45
58 93 45
59 93 45
60 93 45
61 93 45
62 93 45
63 93 45
64 93 45
65 93 45
66 93 45
67 93 45
68 93 45
69 93 45
70 93 45
71 93 45
72 93 45
73 93 45
74 93 45
75 93 45
76 93 45
77 93 45
78 93 45
79 93 45
80 93 45
81 93 45
82 93 45
83 93 45
84 93 45
85 93 45
86 93 45
87 93 45
88 93 45
89 93 0
90 93 0
91 93 0
92 93 0
0 94 0
1 94 0
2 94 0
3 94 0
4 94 0
5 94 0
6 94 0
7 94 0
8 94 45
9 94 45
10 94 45
11 94 45
12 94 45
13 94 45
14 94 45
15 94 45
16 94 45
17 94 45
18 94 45
19 94 45
20 94 45
21 94 45
22 94 45
23 94 45
24 94 45
25 94 45
26 94 45
27 94 45
28 94 45
29 94 45
30 94 45
31 94 45
32 94 45
33 94 45
34 94 45
35 94 90
36 94 90
37 94 90
38 94 90
39 94 90
40 94 90
41 94 90
42 94 90
43 94 90
44 94 90
45 94 90
46 94 90
47 94 90
48 94 90
49 94 90
50 94 90
51 94 90
52 94 90
53 94 90
54 94 90
55 94 90
56 94 90
57 94 45
58 94 45
59 94 45
60 94 45
61 94 45
62 94 45
63 94 45
64 94 45
65 94 45
66 94 45
67 94 45
68 94 45
69 94 45
70 94 45
71 94 45
72 94 45
73 94 45
74 94 45
75 94 45
76 94 45
77 94 45
78 94 45
79 94 45
80 94 45
81 94 45
82 94 45
83 94 45
84 94 45
85 94 45
86 94 45
87 94 45
88 94 45
89 94 0
90 94 0
91 94 0
92 94 0
0 95 0
1 95 0
2 95 0
3 95 0
4 95 0
5 95 0
6 95 0
7 95 0
8 95 45
9 95 45
10 95 45
11 95 45
12 95 45
13 95 45
14 95 45
15 95 45
16 95 45
17 95 45
18 95 45
19 95 45
20 95 45
21 95 45
22 95 45
23 95 45
24 95 45
25 95 45
26 95 45
27 95 45
28 95 45
29 95 45
30 95 45
31 95 45
32 95 45
33 95 45
34 95 45
35 95 45
36 95 45
37 95 45
38 95 45
39 95 45
40 95 45
41 95 45
42 95 45
43 95 45
44 95 45
45 95 45
46 95 45
47 95 45
48 95 45
49 95 45
50 95 45
51 95 45
52 95 45
53 95 45
54 95 45
55 95 45
56 95 45
57 95 0
58 95 0
59 95 0
60 95 0
61 95 0
62 95 0
63 95 0
64 95 0
65 95 0
66 95 0
67 95 0
68 95 0
69 95 0
70 95 0
71 95 0
72 95 0
73 95 0
74 95 0
75 95 0
76 95 0
77 95 0
78 95 0
79 95 0
80 95 0
81 95 0
82 95 0
83 95 0
84 95 0
85 95 0
86 95 0
87 95 0
88 95 0
89 95 0
90 95 0
91 95 0
92 95 0
0 96 0
1 96 0
2 96 0
3 96 0
4 96 0
5 96 0
6 96 0
7 96 0
8 96 45
9 96 45
10 96 45
11 96 45
12 96 45
13 96 45
14 96 45
15 96 45
16 96 45
17 96 45
18 96 45
19 96 45
20 96 45
21 96 45
22 96 45
23 96 45
24 96 45
25 96 45
26 96 45
27 96 45
28 96 45
29 96 45
30 96 45
31 96 45
32 96 45
33 96 45
34 96 45
35 96 45
36 96 45
37 96 45
38 96 45
39 96 45
40 96 45
41 96 45
42 96 45
43 96 45
44 96 45
45 96 45
46 96 45
47 96 45
48 96 45
49 96 45
50 96 45
51 96 45
52 96 45
53 96 45
54 96 45
55 96 45
56 96 45
57 96 0
58 96 0
59 96 0
60 96 0
61 96 0
62 96 0
63 96 0
64 96 0
65 96 0
66 96 0
67 96 0
68 96 0
69 96 0
70 96 0
71 96 0
72 96 0
73 96 0
74 96 0
75 96 0
76 96 0
77 96 0
78 96 0
79 96 0
80 96 0
81 96 0
82 96 0
83 96 0
84 96 0
85 96 0
86 96 0
87 96 0
88 96 0
89 96 0
90 96 0
91 96 0
92 96 0
0 97 0
1 97 0
2 97 0
3 97 0
4 97 0
5 97 0
6 97 0
7 97 0
8 97 0
9 97 0
10 97 0
11 97 0
12 97 0
13 97 0
14 97 0
15 97 0
16 97 0
17 97 0
18 97 0
19 97 0
20 97 0
21 97 0
22 97 0
23 97 0
24 97 0
25 97 0
26 97 0
27 97 0
28 97 0
29 97 0
30 97 0
31 97 0
32 97 0
33 97 0
34 97 0
35 97 0
36 97 0
37 97 0
38 97 0
39 97 0
40 97 0
41 97 0
42 97 0
43 97 0
44 97 0
45 97 0
46 97 0
47 97 0
48 97 0
49 97 0
50 97 0
51 97 0
52 97 0
53 97 0
54 97 0
55 97 0
56 97 0
57 97 0
58 97 0
59 97 0
60 97 0
61 97 0
62 97 0
63 97 0
64 97 0
65 97 0
66 97 0
67 97 0
68 97 0
69 97 0
70 97 0
71 97 0
72 97 0
73 97 0
74 97 0
75 97 0
76 97 0
77 97 0
78 97 0
79 97 0
80 97 0
81 97 0
82 97 0
83 97 0
84 97 0
85 97 0
86 97 0
87 97 0
88 97 0
89 97 0
90 97 0
91 97 0
92 97 0
858335
